%!PS
%%BoundingBox: -198 -246 198 241 
%%HiResBoundingBox: -197.02 -245.59253 197.93124 241 
%%Creator: MetaPost 2.11
%%CreationDate: 2025.10.14:2236
%%Pages: 1
%%BeginProlog
%%EndProlog
%%Page: 1 1
 0 0 0 1 setcmykcolor 0 1.2 dtransform truncate idtransform setlinewidth pop
 [] 0 setdash 1 setlinecap 1 setlinejoin 10 setmiterlimit
newpath -195.77 210.36 moveto
-195.59 206.93 -194.31 196.59 -194.74 188.31 curveto
-195.16 180.04 -192.56 170.89 -192.71 168.02 curveto
-192.86 165.14 -194.71 149.92 -180.44 147.02 curveto
-174.08 145.74 -177.05 167.58 -174.42 169.61 curveto
-171.79 171.64 -173.35 172.98 -169.02 176.54 curveto
-164.69 180.1 -153.38 154.47 -151.91 151.52 curveto
-150.44 148.56 -145.09 136.93 -144.27 131.84 curveto
-143.45 126.75 -142.07 125.41 -139.74 125.29 curveto
-137.4 125.18 -121.48 129.95 -116.21 130.76 curveto
-110.94 131.57 -104.41 100.78 -103.54 96.59 curveto
-102.67 92.4 -101.5 87.11 -97.54 87.09 curveto
-93.57 87.07 -84.39 93.99 -33.75 100.78 curveto
16.88 107.57 15.36 113.05 24.58 117.09 curveto
33.8 121.13 70.48 133.65 75.19 134.13 curveto
79.9 134.62 88.06 128.43 97.36 127.05 curveto
106.66 125.67 118.86 110.45 122.03 98.39 curveto
125.2 86.34 136.55 75.68 138.48 64.04 curveto
140.4 52.4 143.34 50.08 149.24 38.42 curveto
155.13 26.78 151.95 17.23 155.52 9.66 curveto
159.1 2.08 164.07 -6.3 167.08 -14.4 curveto
170.09 -22.48 167.26 -18.01 167.16 -19.99 curveto
167.06 -21.96 166.3 -68.71 167.05 -78.69 curveto
167.79 -88.68 167.92 -93.2 167.23 -96.23 curveto
166.53 -99.25 168.81 -100.45 171.36 -103.46 curveto
173.91 -106.46 183.2 -125.88 184.21 -127.2 curveto
185.22 -128.51 184.89 -146 184.84 -146.89 curveto
184.8 -147.78 182.28 -193.22 181.82 -195.18 curveto
181.36 -197.11 181.51 -197.48 181.28 -202.53 curveto
181.05 -207.5 182.19 -223.33 182.96 -227.41 curveto
183.67 -231.19 183.45 -228.67 185.66 -231.75 curveto
187.71 -234.61 188.98 -240.45 188.98 -240.45 curveto stroke
 0.6 0.4 0 0.1 setcmykcolor 0 0.84 dtransform truncate idtransform setlinewidth pop
newpath -195.77 210.35 moveto
-195.59 206.92 -194.31 196.58 -194.74 188.31 curveto
-195.16 180.04 -192.56 170.89 -192.71 168.02 curveto
-192.86 165.14 -194.72 149.91 -180.44 147.02 curveto
-174.08 145.73 -177.05 167.58 -174.42 169.61 curveto
-171.79 171.64 -173.35 172.97 -169.02 176.54 curveto
-164.69 180.1 -153.39 154.47 -151.91 151.51 curveto
-150.44 148.55 -145.09 136.92 -144.27 131.83 curveto
-143.45 126.75 -142.07 125.41 -139.74 125.29 curveto
-137.4 125.18 -121.48 129.95 -116.21 130.76 curveto
-110.94 131.57 -104.41 100.78 -103.54 96.59 curveto
-102.67 92.4 -101.5 87.11 -97.54 87.09 curveto
-93.57 87.07 -84.39 93.99 -33.76 100.77 curveto
16.88 107.55 15.36 113.04 24.58 117.07 curveto
33.79 121.11 70.48 133.65 75.19 134.13 curveto
79.9 134.61 88.06 128.43 97.36 127.05 curveto
106.66 125.67 118.86 110.45 122.03 98.39 curveto
125.2 86.33 136.55 75.66 138.47 64.02 curveto
140.4 52.39 143.35 50.08 149.24 38.42 curveto
155.13 26.76 151.94 17.19 155.51 9.62 curveto
159.09 2.05 164.07 -6.32 167.08 -14.4 curveto
170.09 -22.48 167.26 -18.01 167.16 -19.99 curveto
167.06 -21.97 166.28 -68.79 167.04 -78.74 curveto
167.79 -88.7 167.92 -93.21 167.22 -96.24 curveto
166.53 -99.27 168.81 -100.46 171.36 -103.48 curveto
173.91 -106.49 183.19 -125.89 184.21 -127.2 curveto
185.22 -128.52 184.86 -146.16 184.81 -147.06 curveto
184.77 -147.96 182.27 -193.25 181.81 -195.21 curveto
181.35 -197.16 181.51 -197.53 181.24 -202.75 curveto
180.98 -207.96 182.14 -223.88 182.84 -227.88 curveto
183.54 -231.88 183.5 -229 185.5 -232.34 curveto
187.49 -235.69 187.08 -243.6 187.08 -243.6 curveto stroke
 0 0.9 0.9 0.2 setcmykcolor
newpath -195.77 210.35 moveto
-195.58 206.92 -194.31 196.58 -194.73 188.31 curveto
-195.16 180.04 -192.56 170.89 -192.71 168.02 curveto
-192.85 165.14 -194.71 149.92 -180.44 147.02 curveto
-174.09 145.73 -177.05 167.58 -174.42 169.61 curveto
-171.8 171.63 -173.35 172.97 -169.02 176.54 curveto
-164.69 180.1 -153.39 154.47 -151.92 151.51 curveto
-150.45 148.55 -145.09 136.92 -144.27 131.84 curveto
-143.45 126.75 -142.08 125.42 -139.74 125.3 curveto
-137.4 125.18 -121.48 129.95 -116.21 130.76 curveto
-110.94 131.57 -104.41 100.78 -103.54 96.59 curveto
-102.67 92.4 -101.5 87.11 -97.54 87.09 curveto
-93.57 87.07 -84.39 93.99 -33.75 100.77 curveto
16.88 107.55 15.36 113.04 24.57 117.07 curveto
33.79 121.11 70.48 133.65 75.19 134.13 curveto
79.9 134.61 88.06 128.42 97.36 127.05 curveto
106.66 125.67 118.86 110.45 122.03 98.39 curveto
125.2 86.33 136.55 75.66 138.47 64.02 curveto
140.4 52.39 143.35 50.08 149.24 38.42 curveto
155.13 26.77 151.94 17.2 155.52 9.62 curveto
159.1 2.05 164.07 -6.31 167.09 -14.4 curveto
170.1 -22.48 167.26 -18.01 167.16 -19.99 curveto
167.06 -21.97 166.29 -68.79 167.04 -78.74 curveto
167.79 -88.69 167.92 -93.2 167.23 -96.23 curveto
166.53 -99.26 168.81 -100.46 171.36 -103.47 curveto
173.91 -106.49 183.19 -125.89 184.21 -127.2 curveto
185.22 -128.51 184.86 -146.16 184.81 -147.06 curveto
184.77 -147.96 182.27 -193.25 181.81 -195.21 curveto
181.35 -197.17 181.51 -197.54 181.24 -202.75 curveto
180.98 -207.96 182.14 -223.88 182.84 -227.88 curveto
183.54 -231.88 183.51 -229 185.5 -232.34 curveto
187.49 -235.69 187.08 -243.6 187.08 -243.6 curveto stroke
 0 0 0 1 setcmykcolor 1.2
 0 dtransform exch truncate exch idtransform pop setlinewidth
 [3.60022 3.60022 ] 0 setdash
newpath -196.42 239.97 moveto
-195.77 210.36 lineto stroke
 0.6 0.4 0 0.1 setcmykcolor 0.84
 0 dtransform exch truncate exch idtransform pop setlinewidth [] 0 setdash
newpath -196.42 239.95 moveto
-195.77 210.35 lineto stroke
 0 0.9 0.9 0.2 setcmykcolor
newpath -196.42 239.94 moveto
-195.77 210.35 lineto stroke
 0 0 0 1 setcmykcolor 0 1.2 dtransform truncate idtransform setlinewidth pop
 [3.60022 3.60022 ] 0 setdash
newpath -189.27 210.57 moveto
-190.81 240.4 lineto stroke
 0.6 0.4 0 0.1 setcmykcolor 0 0.84 dtransform truncate idtransform setlinewidth pop
 [] 0 setdash
newpath -189.27 210.56 moveto
-190.81 240.38 lineto stroke
 0 0.9 0.9 0.2 setcmykcolor
newpath -189.27 210.56 moveto
-190.81 240.37 lineto stroke
 0 0 0 1 setcmykcolor 0 1.2 dtransform truncate idtransform setlinewidth pop
newpath 196.69 -237.69 moveto
196.44 -237.14 196.96 -231.13 196.17 -227.53 curveto
195.33 -223.69 194.22 -224.46 192.89 -219.09 curveto
191.56 -213.76 189.05 -198.2 188.87 -194.63 curveto
188.69 -190.99 192.66 -134.63 192.61 -132.12 curveto
192.56 -129.6 192.8 -124.92 192.12 -120.55 curveto
191.44 -116.17 185.59 -110.82 182.31 -104.36 curveto
179.04 -97.91 178.7 -97.35 178.46 -91.57 curveto
178.21 -85.77 176.49 -27.83 175.77 -17.18 curveto
175.05 -6.51 172.45 -11.61 170.84 -0.88 curveto
169.23 9.86 163.06 19.72 161.66 23.93 curveto
160.25 28.14 157.23 37.74 153.95 45.93 curveto
150.11 55.5 133.56 84.12 132.67 91.55 curveto
131.79 98.97 128.27 111.23 126.79 114.01 curveto
125.31 116.79 114.06 129.44 114.3 134.12 curveto
114.49 137.72 110.61 143.93 110.14 147.85 curveto
109.38 154.2 106.59 155.97 101.13 158.41 curveto
95.66 160.85 89.91 161.15 83.64 158.4 curveto
77.37 155.65 65.77 154.26 61.71 152.49 curveto
57.66 150.71 46.5 147.51 33.62 142.4 curveto
20.74 137.29 3.94 132.92 -0.2 129.52 curveto
-4.34 126.13 -13.72 122.46 -20.14 120.27 curveto
-26.56 118.07 -32.22 116.74 -38.79 115.1 curveto
-45.36 113.45 -57.08 109.91 -60.87 109.74 curveto
-64.66 109.57 -86.12 105.98 -92.87 104.34 curveto
-99.62 102.7 -97.95 103.69 -99.95 106.86 curveto
-101.95 110.03 -107.1 132.82 -106.89 136.78 curveto
-106.69 140.73 -110.99 137.71 -112.97 137.81 curveto
-114.95 137.91 -119.14 136.86 -126.43 135.43 curveto
-133.71 134 -134.86 132.62 -136.24 133.77 curveto
-137.62 134.92 -139.71 136.47 -140.91 141.04 curveto
-142.12 145.61 -152.43 162.54 -154.43 169.31 curveto
-156.43 176.08 -156.01 173.53 -157.2 178.64 curveto
-158.38 183.74 -159.8 184.18 -163.17 185.07 curveto
-166.55 185.97 -173.54 183.26 -178.93 180.11 curveto
-184.32 176.96 -182.96 175.45 -186.67 176.9 curveto
-190.38 178.35 -189.08 182.61 -188.75 189.09 curveto
-188.42 195.56 -189.27 210.57 -189.27 210.57 curveto stroke
 0.6 0.4 0 0.1 setcmykcolor 0 0.84 dtransform truncate idtransform setlinewidth pop
newpath 197.51 -240.71 moveto
197.54 -239.99 197.03 -232.39 196.15 -228.38 curveto
195.28 -224.37 194.16 -225.03 192.81 -219.74 curveto
191.46 -214.44 189.04 -198.28 188.87 -194.67 curveto
188.69 -191.05 192.66 -134.66 192.61 -132.14 curveto
192.56 -129.61 192.79 -124.94 192.12 -120.58 curveto
191.44 -116.22 185.58 -110.87 182.31 -104.4 curveto
179.03 -97.92 178.7 -97.36 178.46 -91.58 curveto
178.21 -85.8 176.49 -27.86 175.77 -17.19 curveto
175.05 -6.52 172.45 -11.61 170.84 -0.89 curveto
169.22 9.82 163.06 19.69 161.65 23.91 curveto
160.25 28.12 157.23 37.74 153.95 45.93 curveto
150.11 55.5 133.55 84.1 132.67 91.54 curveto
131.79 98.97 128.27 111.23 126.79 114.01 curveto
125.31 116.79 114.06 129.43 114.3 134.11 curveto
114.49 137.71 110.61 143.93 110.14 147.84 curveto
109.38 154.19 106.59 155.96 101.12 158.4 curveto
95.66 160.84 89.91 161.13 83.64 158.39 curveto
77.37 155.65 65.77 154.26 61.71 152.48 curveto
57.66 150.71 46.5 147.49 33.62 142.38 curveto
20.74 137.28 3.94 132.91 -0.2 129.52 curveto
-4.34 126.12 -13.72 122.46 -20.14 120.26 curveto
-26.56 118.07 -32.22 116.73 -38.79 115.09 curveto
-45.36 113.44 -57.08 109.89 -60.87 109.73 curveto
-64.67 109.56 -86.12 105.97 -92.87 104.33 curveto
-99.62 102.7 -97.95 103.69 -99.95 106.86 curveto
-101.95 110.02 -107.1 132.82 -106.89 136.77 curveto
-106.69 140.73 -110.99 137.71 -112.97 137.81 curveto
-114.95 137.91 -119.14 136.86 -126.43 135.43 curveto
-133.71 134 -134.86 132.61 -136.24 133.77 curveto
-137.62 134.92 -139.71 136.47 -140.92 141.04 curveto
-142.12 145.6 -152.43 162.53 -154.43 169.3 curveto
-156.43 176.07 -156.01 173.53 -157.2 178.64 curveto
-158.38 183.74 -159.8 184.18 -163.17 185.07 curveto
-166.55 185.97 -173.54 183.26 -178.93 180.11 curveto
-184.32 176.96 -182.96 175.45 -186.67 176.9 curveto
-190.38 178.35 -189.08 182.61 -188.75 189.08 curveto
-188.42 195.56 -189.27 210.56 -189.27 210.56 curveto stroke
 0 0.9 0.9 0.2 setcmykcolor
newpath 197.51 -240.71 moveto
197.54 -239.99 197.03 -232.39 196.15 -228.38 curveto
195.28 -224.37 194.16 -225.04 192.81 -219.74 curveto
191.46 -214.45 189.04 -198.28 188.87 -194.67 curveto
188.69 -191.05 192.66 -134.66 192.6 -132.14 curveto
192.55 -129.61 192.79 -124.94 192.11 -120.58 curveto
191.44 -116.22 185.58 -110.87 182.31 -104.39 curveto
179.03 -97.92 178.7 -97.36 178.46 -91.58 curveto
178.21 -85.8 176.49 -27.86 175.77 -17.19 curveto
175.06 -6.52 172.45 -11.61 170.84 -0.89 curveto
169.23 9.82 163.06 19.69 161.66 23.91 curveto
160.25 28.13 157.24 37.74 153.95 45.93 curveto
150.11 55.5 133.55 84.1 132.67 91.54 curveto
131.79 98.97 128.27 111.23 126.79 114.01 curveto
125.31 116.79 114.06 129.43 114.3 134.11 curveto
114.49 137.71 110.61 143.92 110.14 147.84 curveto
109.38 154.19 106.59 155.95 101.13 158.4 curveto
95.66 160.84 89.91 161.13 83.64 158.39 curveto
77.37 155.65 65.77 154.26 61.71 152.48 curveto
57.66 150.71 46.5 147.49 33.62 142.38 curveto
20.74 137.27 3.94 132.91 -0.2 129.51 curveto
-4.34 126.12 -13.72 122.46 -20.14 120.26 curveto
-26.56 118.07 -32.22 116.73 -38.79 115.09 curveto
-45.36 113.44 -57.08 109.89 -60.87 109.73 curveto
-64.67 109.56 -86.12 105.97 -92.87 104.33 curveto
-99.62 102.7 -97.95 103.69 -99.95 106.86 curveto
-101.95 110.03 -107.09 132.82 -106.89 136.77 curveto
-106.69 140.73 -110.99 137.7 -112.97 137.8 curveto
-114.94 137.91 -119.14 136.86 -126.43 135.43 curveto
-133.71 134 -134.86 132.62 -136.24 133.77 curveto
-137.63 134.92 -139.71 136.47 -140.92 141.04 curveto
-142.13 145.6 -152.43 162.53 -154.43 169.3 curveto
-156.43 176.07 -156.02 173.53 -157.2 178.64 curveto
-158.38 183.74 -159.8 184.18 -163.18 185.07 curveto
-166.56 185.96 -173.54 183.26 -178.93 180.11 curveto
-184.32 176.96 -182.95 175.45 -186.67 176.9 curveto
-190.38 178.35 -189.08 182.61 -188.75 189.08 curveto
-188.41 195.55 -189.27 210.56 -189.27 210.56 curveto stroke
 0 0 0 1 setcmykcolor 0 3.98505 dtransform truncate idtransform setlinewidth pop
newpath 193.77 -240.11 moveto 0 0 rlineto stroke
newpath 188.98 -240.45 moveto 0 0 rlineto stroke
 0 0.84 dtransform truncate idtransform setlinewidth pop
newpath 193.77 -240.11 moveto
188.98 -240.45 lineto stroke
 1 0.85 0 setrgbcolor 0 3.98505 dtransform truncate idtransform setlinewidth pop
newpath 193.77 -240.11 moveto 0 0 rlineto stroke
newpath 187.08 -243.6 moveto 0 0 rlineto stroke
 0 0.84 dtransform truncate idtransform setlinewidth pop
newpath 193.77 -240.11 moveto
193.77 -240.11 lineto
187.08 -243.6 lineto
188.98 -240.45 lineto stroke
showpage
%%EOF
