%!PS
%%BoundingBox: -546 -244 548 262 
%%HiResBoundingBox: -545.88 -243.06001 547.41252 261.45004 
%%Creator: MetaPost 2.11
%%CreationDate: 2025.10.14:2236
%%Pages: 1
%%BeginProlog
%%EndProlog
%%Page: 1 1
 0 0 0 1 setcmykcolor 0 1.2 dtransform truncate idtransform setlinewidth pop
 [] 0 setdash 1 setlinecap 1 setlinejoin 10 setmiterlimit
newpath 226.7 230.26 moveto
226.7 230.26 227.06 226.99 227.27 224.27 curveto
227.49 221.55 227.42 217.04 227 215.98 curveto
226.58 214.92 221.61 212.85 210.56 211.27 curveto
199.49 209.7 201.03 207.99 195.37 206.67 curveto
189.7 205.33 188.82 205.74 179.27 206.22 curveto
169.71 206.71 161.56 206.4 159.05 206.53 curveto
156.53 206.66 148.65 207.07 143.63 207.34 curveto
138.61 207.61 129.07 210.99 126.01 211.15 curveto
122.96 211.31 118.29 222.15 116.13 218.52 curveto
114.15 215.19 108.62 212.95 105.95 213.63 curveto
103.28 214.31 92.1 214.16 87.96 214.18 curveto
83.81 214.21 77.14 214.36 72.26 214.42 curveto
67.38 214.48 59.96 214.12 54.01 214.23 curveto
48.07 214.35 -11.91 210.24 -14.62 210.02 curveto
-17.33 209.8 -20.41 209.59 -24.21 209.24 curveto
-28.01 208.9 -37.8 207.42 -40.86 207.39 curveto
-43.93 207.37 -54.3 205.2 -56.49 204.59 curveto
-58.68 203.98 -102.13 194.23 -105.2 194.21 curveto
-108.26 194.18 -118.38 193.45 -120.94 192.69 curveto
-123.5 191.92 -129.16 190.24 -133 189.18 curveto
-136.83 188.12 -141.57 186.92 -145.03 186.2 curveto
-148.49 185.48 -154.21 182.89 -161.47 182.18 curveto
-168.72 181.47 -186.43 173.91 -190.04 173.91 curveto
-193.65 173.92 -200.67 173.92 -204.61 174.48 curveto
-208.54 175.04 -253.75 179.66 -256.62 179.98 curveto
-259.49 180.31 -263.55 181.96 -269.05 183.33 curveto
-274.56 184.7 -279.22 185.12 -283.85 186.08 curveto
-288.48 187.04 -312.39 191.51 -317.61 191.78 curveto
-322.82 192.05 -321.58 191.63 -324.46 191.6 curveto
-327.35 191.57 -363.04 182.61 -370.81 182.64 curveto
-378.56 182.66 -382.81 180.17 -386.24 179.81 curveto
-389.67 179.45 -393.06 176.2 -394.56 175.02 curveto
-396.05 173.84 -401.45 170.51 -404.39 169.4 curveto
-407.34 168.29 -410.28 167.18 -418.25 166.68 curveto
-426.21 166.19 -471.51 166.5 -474.03 166.62 curveto
-476.55 166.75 -500.91 165.85 -505.28 164.99 curveto
-509.64 164.14 -533.37 161.75 -538.69 160.04 curveto
-544.01 158.32 -544.97 157.11 -544.97 157.11 curveto stroke
 0.6 0.4 0 0.1 setcmykcolor 0 0.84 dtransform truncate idtransform setlinewidth pop
newpath 226.63 230.23 moveto
226.63 230.23 227.01 226.96 227.23 224.25 curveto
227.45 221.53 227.4 217.03 226.98 215.97 curveto
226.57 214.91 221.59 212.83 210.51 211.25 curveto
199.42 209.66 200.96 207.96 195.3 206.63 curveto
189.64 205.3 188.76 205.71 179.22 206.2 curveto
169.69 206.7 161.56 206.39 159.04 206.52 curveto
156.53 206.65 148.63 207.06 143.61 207.33 curveto
138.59 207.59 129.05 210.98 126 211.14 curveto
122.95 211.3 118.26 222.14 116.11 218.51 curveto
114.14 215.19 108.6 212.95 105.93 213.62 curveto
103.26 214.3 92.06 214.14 87.91 214.16 curveto
83.77 214.19 77.1 214.34 72.23 214.4 curveto
67.37 214.47 59.95 214.12 54.01 214.23 curveto
48.07 214.35 -11.91 210.24 -14.62 210.02 curveto
-17.33 209.8 -20.41 209.59 -24.21 209.24 curveto
-28.02 208.89 -37.83 207.4 -40.89 207.38 curveto
-43.96 207.35 -54.35 205.17 -56.54 204.56 curveto
-58.73 203.95 -102.13 194.23 -105.2 194.21 curveto
-108.26 194.18 -118.39 193.45 -120.95 192.68 curveto
-123.52 191.91 -129.19 190.22 -133.03 189.16 curveto
-136.87 188.1 -141.61 186.9 -145.08 186.18 curveto
-148.54 185.46 -154.26 182.87 -161.5 182.17 curveto
-168.74 181.46 -186.43 173.91 -190.04 173.91 curveto
-193.65 173.92 -200.68 173.91 -204.62 174.47 curveto
-208.56 175.03 -253.76 179.66 -256.62 179.98 curveto
-259.49 180.31 -263.55 181.96 -269.06 183.32 curveto
-274.57 184.69 -279.23 185.11 -283.86 186.07 curveto
-288.5 187.03 -312.4 191.51 -317.61 191.78 curveto
-322.82 192.06 -321.58 191.63 -324.46 191.6 curveto
-327.35 191.57 -363.04 182.61 -370.81 182.64 curveto
-378.56 182.66 -382.82 180.17 -386.25 179.81 curveto
-389.68 179.44 -393.07 176.2 -394.57 175.02 curveto
-396.06 173.83 -401.46 170.51 -404.4 169.4 curveto
-407.34 168.29 -410.29 167.18 -418.25 166.68 curveto
-426.22 166.18 -471.51 166.49 -474.03 166.62 curveto
-476.55 166.75 -500.96 165.82 -505.34 164.96 curveto
-509.71 164.1 -533.47 161.69 -538.79 159.97 curveto
-544.11 158.26 -545.08 157.04 -545.08 157.04 curveto stroke
 0 0.9 0.9 0.2 setcmykcolor
newpath 226.99 231.27 moveto
226.99 231.27 227.37 228 227.6 225.28 curveto
227.82 222.56 227.78 218.05 227.37 216.99 curveto
226.96 215.93 221.98 213.82 210.9 212.2 curveto
199.81 210.58 201.35 208.88 195.69 207.53 curveto
190.03 206.18 189.15 206.58 179.6 207.05 curveto
170.06 207.52 161.93 207.19 159.41 207.31 curveto
156.88 207.44 148.96 207.82 143.92 208.07 curveto
138.88 208.32 129.3 211.67 126.24 211.82 curveto
123.18 211.97 118.46 222.81 116.31 219.16 curveto
114.34 215.83 108.82 213.57 106.15 214.25 curveto
103.47 214.92 92.27 214.74 88.12 214.77 curveto
83.98 214.79 77.3 214.93 72.44 214.99 curveto
67.57 215.05 60.15 214.69 54.2 214.8 curveto
48.25 214.91 -11.87 210.63 -14.59 210.4 curveto
-17.31 210.17 -20.39 209.96 -24.2 209.6 curveto
-28 209.25 -37.82 207.74 -40.89 207.71 curveto
-43.96 207.68 -54.35 205.48 -56.55 204.87 curveto
-58.75 204.25 -102.17 194.46 -105.24 194.43 curveto
-108.31 194.4 -118.46 193.63 -121.02 192.85 curveto
-123.59 192.08 -129.26 190.37 -133.11 189.29 curveto
-136.95 188.22 -141.7 187.01 -145.16 186.27 curveto
-148.63 185.54 -154.35 182.93 -161.6 182.2 curveto
-168.86 181.48 -186.55 173.86 -190.16 173.85 curveto
-193.77 173.85 -200.81 173.83 -204.76 174.39 curveto
-208.7 174.94 -253.95 179.49 -256.83 179.82 curveto
-259.7 180.14 -263.77 181.78 -269.3 183.13 curveto
-274.82 184.48 -279.5 184.89 -284.14 185.84 curveto
-288.79 186.79 -312.75 191.21 -317.98 191.46 curveto
-323.2 191.72 -321.95 191.3 -324.84 191.26 curveto
-327.73 191.22 -363.37 182.13 -371.13 182.15 curveto
-378.89 182.17 -383.16 179.67 -386.6 179.29 curveto
-390.05 178.92 -393.46 175.66 -394.96 174.47 curveto
-396.46 173.28 -401.86 169.93 -404.8 168.81 curveto
-407.74 167.69 -410.69 166.57 -418.65 166.06 curveto
-426.62 165.55 -471.9 165.77 -474.42 165.9 curveto
-476.94 166.02 -501.35 165.05 -505.73 164.18 curveto
-510.1 163.31 -533.86 160.86 -539.18 159.13 curveto
-544.5 157.41 -545.46 156.19 -545.46 156.19 curveto stroke
 0 0 0 1 setcmykcolor 0 1.2 dtransform truncate idtransform setlinewidth pop
newpath 530.79 -174.77 moveto
530.79 -174.77 457.95 -186.22 449.96 -187.02 curveto
407 -191.28 388.06 -198.13 359.7 -199.73 curveto
354.73 -200.01 349.2 -200.1 345.18 -200.28 curveto
341.18 -200.47 338.21 -201.76 335.93 -203.64 curveto
333.67 -205.5 332.37 -206.33 327.8 -208.05 curveto
323.2 -209.79 324.67 -209.32 322.66 -209.76 curveto
320.65 -210.21 318.44 -210.65 315.05 -209.42 curveto
311.68 -208.19 311.48 -205.46 311.01 -201.26 curveto
310.54 -197.07 311.13 -196.2 311.16 -192.57 curveto
311.19 -188.96 310.27 -162.33 310.39 -159.12 curveto
310.52 -155.91 310.07 -149.97 309.66 -147.42 curveto
309.26 -144.88 307.2 -129.34 306.73 -125.5 curveto
306.25 -121.67 292.94 -78.26 292.33 -76.25 curveto
291.71 -74.23 289.93 -53.06 288.19 -48.8 curveto
286.45 -44.55 281.19 -38.14 280.49 -34.13 curveto
279.78 -30.13 277.41 -25.28 275.49 -20.76 curveto
270.43 -8.87 268.04 2.59 260.91 13.22 curveto
258.69 16.53 257.14 19.73 256.09 23.4 curveto
255.05 27.07 254.48 29.63 253.29 34.03 curveto
252.09 38.42 245.69 51.16 245.54 51.71 curveto
238.82 63.23 238.72 75.26 235.99 88.36 curveto
235.13 92.51 235.47 98.14 235.39 103.21 curveto
235.32 108.27 235.34 115.13 235.19 119.11 curveto
235.05 123.08 235 129.04 234.91 134.27 curveto
234.82 139.49 235.85 145.74 236.09 146.99 curveto
236.33 148.23 236.53 159.91 236.48 162.61 curveto
236.42 165.31 235.75 174.14 236.05 176.64 curveto
236.34 179.14 234.82 203.85 234.77 209.62 curveto
234.71 215.4 233.22 230.83 233.22 230.83 curveto stroke
 0.6 0.4 0 0.1 setcmykcolor 0 0.84 dtransform truncate idtransform setlinewidth pop
newpath 510.48 -177.26 moveto
510.48 -177.26 457.07 -188.07 448.75 -188.94 curveto
405.25 -193.17 386.74 -198.92 359.29 -200.03 curveto
354.43 -199.96 349.02 -200.22 345.05 -200.37 curveto
341.08 -200.53 338.13 -201.82 335.87 -203.68 curveto
333.61 -205.55 332.3 -206.38 327.7 -208.12 curveto
323.1 -209.86 324.57 -209.4 322.56 -209.83 curveto
320.55 -210.27 318.35 -210.7 314.98 -209.47 curveto
311.61 -208.23 311.39 -205.52 310.88 -201.35 curveto
310.37 -197.18 310.96 -196.31 310.96 -192.71 curveto
310.96 -189.1 310.15 -162.4 310.31 -159.17 curveto
310.48 -155.94 310.06 -149.97 309.65 -147.43 curveto
309.24 -144.89 306.99 -129.46 306.47 -125.65 curveto
305.95 -121.84 292.92 -78.28 292.3 -76.26 curveto
291.68 -74.24 289.68 -53.2 287.9 -48.96 curveto
286.13 -44.72 280.86 -38.32 280.16 -34.31 curveto
279.46 -30.31 276.99 -25.49 275.24 -20.89 curveto
270.19 -8.99 268.08 2.62 260.9 13.21 curveto
258.73 16.56 257.09 19.71 256.02 23.36 curveto
254.95 27.02 254.36 29.57 253.14 33.96 curveto
251.93 38.34 245.56 51.1 245.41 51.64 curveto
238.78 63.21 238.9 75.29 235.95 88.34 curveto
235.26 92.51 235.37 98.09 235.26 103.14 curveto
235.16 108.19 235.15 115.03 234.99 119.01 curveto
234.84 122.98 234.78 128.92 234.69 134.15 curveto
234.59 139.38 235.63 145.63 235.88 146.88 curveto
236.12 148.13 236.36 159.82 236.32 162.53 curveto
236.27 165.23 235.65 174.09 235.95 176.6 curveto
236.26 179.1 234.83 203.85 234.76 209.62 curveto
234.7 215.39 233.15 230.79 233.15 230.79 curveto stroke
 0 0.9 0.9 0.2 setcmykcolor
newpath 506.43 -181.03 moveto
506.43 -181.03 459.02 -187.19 450.5 -188.04 curveto
406.84 -192.38 388.3 -198.19 360.8 -199.36 curveto
355.93 -199.3 350.5 -199.58 346.52 -199.75 curveto
342.54 -199.91 339.59 -201.21 337.34 -203.09 curveto
335.08 -204.96 333.77 -205.8 329.18 -207.56 curveto
324.58 -209.32 326.05 -208.85 324.04 -209.3 curveto
322.03 -209.74 319.85 -210.17 316.48 -208.93 curveto
313.11 -207.68 312.88 -204.96 312.36 -200.78 curveto
311.85 -196.61 312.43 -195.74 312.43 -192.13 curveto
312.42 -188.52 311.56 -161.77 311.72 -158.52 curveto
311.88 -155.28 311.45 -149.31 311.03 -146.76 curveto
310.61 -144.21 308.3 -128.76 307.77 -124.95 curveto
307.23 -121.13 294.02 -77.53 293.4 -75.52 curveto
292.77 -73.5 290.73 -52.47 288.95 -48.23 curveto
287.17 -43.99 281.89 -37.6 281.19 -33.6 curveto
280.48 -29.59 278.01 -24.78 276.25 -20.18 curveto
271.18 -8.29 269.05 3.32 261.85 13.91 curveto
259.67 17.26 258.02 20.41 256.93 24.07 curveto
255.85 27.74 255.25 30.29 254.02 34.68 curveto
252.79 39.07 246.38 51.84 246.22 52.39 curveto
239.55 63.96 239.64 76.07 236.65 89.13 curveto
235.95 93.31 236.04 98.9 235.93 103.96 curveto
235.81 109.02 235.79 115.88 235.62 119.86 curveto
235.46 123.84 235.39 129.8 235.28 135.03 curveto
235.18 140.27 236.2 146.54 236.44 147.79 curveto
236.69 149.04 236.9 160.76 236.85 163.47 curveto
236.8 166.18 236.15 175.05 236.45 177.57 curveto
236.76 180.08 235.26 204.87 235.18 210.65 curveto
235.1 216.43 233.51 231.85 233.51 231.85 curveto stroke
 0 0 0 1 setcmykcolor 0 1.2 dtransform truncate idtransform setlinewidth pop
newpath 478.17 -199.88 moveto
488.85 -201.07 529.6 -191.61 533.72 -190.85 curveto stroke
 0.6 0.4 0 0.1 setcmykcolor 0 0.84 dtransform truncate idtransform setlinewidth pop
newpath 481.75 -204.98 moveto
489.57 -203.29 513.08 -198.5 516.73 -198.26 curveto stroke
 0 0.9 0.9 0.2 setcmykcolor
newpath 481.7 -203.28 moveto
488.08 -201.97 507.72 -198.95 510.79 -198.92 curveto stroke
 0.83 0.54 0 0 setcmykcolor 0 0.42001
 dtransform truncate idtransform setlinewidth pop
newpath 229.73 114.87 moveto
227.26418 116.42812 227.45477 120.0943 230.07819 121.43243 curveto
232.46559 122.65018 232.6389 126.02753 230.50206 127.99149 curveto
228.74402 129.60728 229.63843 132.30852 230.89545 134.55228 curveto
232.0036 136.53032 231.17079 138.87877 231.11 141.12 curveto
231.11 141.12 lineto stroke
newpath 232.96419 137.57573 moveto
232.45224 138.77061 231.64961 139.91106 231.11 141.12 curveto
231.11 141.12 lineto
231.11 141.12 lineto
230.6367 139.88359 230.3978 138.50963 229.91487 137.30275 curveto
 closepath stroke
newpath 232.96419 137.57573 moveto
232.45224 138.77061 231.64961 139.91106 231.11 141.12 curveto
231.11 141.12 lineto
231.11 141.12 lineto
230.6367 139.88359 230.3978 138.50963 229.91487 137.30275 curveto
 closepath fill
 0 0.4 0.8 0 setcmykcolor 0 0.6 dtransform truncate idtransform setlinewidth pop
newpath -127.41 181.02008 moveto
-127.41 187.61993 lineto
-129.20993 190.61993 lineto stroke
newpath -127.41 187.61993 moveto
-125.61008 190.61993 lineto stroke
 0 0 0 1 setcmykcolor 0 1.99252 dtransform truncate idtransform setlinewidth pop
newpath -127.41 185.82 moveto 0 0 rlineto stroke
 0.6 0.4 0 0.1 setcmykcolor
newpath -127.44 185.81 moveto 0 0 rlineto stroke
 0 0.9 0.9 0.2 setcmykcolor
newpath -127.49 185.95 moveto 0 0 rlineto stroke
 0 0 0 1 setcmykcolor 0 0.6 dtransform truncate idtransform setlinewidth pop
newpath -392.15004 161.98006 moveto
-392.15004 166.59995 lineto
-393.40999 168.69994 lineto stroke
newpath -392.15004 166.59995 moveto
-390.89009 168.69994 lineto stroke
newpath -388.55 161.98006 moveto
-388.55 166.59995 lineto
-389.80995 168.69994 lineto stroke
newpath -388.55 166.59995 moveto
-387.29005 168.69994 lineto stroke
newpath -384.94997 161.98006 moveto
-384.94997 166.59995 lineto
-386.20992 168.69994 lineto stroke
newpath -384.94997 166.59995 moveto
-383.69002 168.69994 lineto stroke
 0 1.99252 dtransform truncate idtransform setlinewidth pop
newpath -388.55 165.34 moveto 0 0 rlineto stroke
 0.6 0.4 0 0.1 setcmykcolor
newpath -388.56 165.34 moveto 0 0 rlineto stroke
 0 0.9 0.9 0.2 setcmykcolor
newpath -388.94 164.79 moveto 0 0 rlineto stroke
 0.83 0.54 0 0 setcmykcolor 0 0.42001
 dtransform truncate idtransform setlinewidth pop
newpath 304.58 -242.85 moveto
302.31013 -241.88103 302.46451 -238.41591 305.10161 -236.84816 curveto
307.0867 -235.66803 307.1298 -232.8561 305.6158 -230.84521 curveto
304.29663 -229.0931 305.9689 -226.93103 306.1 -224.84009 curveto
306.1 -224.84 lineto stroke
newpath 306.71405 -228.79256 moveto
306.40329 -227.5737 306.52448 -226.07884 306.10004 -224.84009 curveto
306.1 -224.84 lineto
306.09998 -224.84009 lineto
305.52414 -226.01613 304.38141 -226.98746 303.73926 -228.06905 curveto
 closepath stroke
newpath 306.71405 -228.79256 moveto
306.40329 -227.5737 306.52448 -226.07884 306.10004 -224.84009 curveto
306.1 -224.84 lineto
306.09998 -224.84009 lineto
305.52414 -226.01613 304.38141 -226.98746 303.73926 -228.06905 curveto
 closepath fill
newpath 292.81 -101.39 moveto
289.83415 -100.58527 288.51448 -97.10297 290.07953 -94.36365 curveto
291.5079 -91.86356 288.2337 -89.75427 287.79 -87.19 curveto
287.79 -87.19 lineto stroke
newpath 290.83318 -89.7861 moveto
289.75574 -88.99342 288.47606 -88.27452 287.79 -87.19 curveto
287.79 -87.19 lineto
287.79 -87.19 lineto
287.50822 -88.442 287.90472 -89.85521 288.10606 -91.17758 curveto
 closepath stroke
newpath 290.83318 -89.7861 moveto
289.75574 -88.99342 288.47606 -88.27452 287.79 -87.19 curveto
287.79 -87.19 lineto
287.79 -87.19 lineto
287.50822 -88.442 287.90472 -89.85521 288.10606 -91.17758 curveto
 closepath fill
newpath 255.86 12.93 moveto
253.33394 11.67276 250.51695 15.09737 251.972 19.17654 curveto
252.93343 21.87187 249.22829 23.13594 248.13 25.45 curveto
248.13 25.45 lineto stroke
newpath 251.73907 23.72517 moveto
250.51233 24.22928 249.07373 24.597 248.13 25.45 curveto
248.13 25.45 lineto
248.13 25.45 lineto
248.19412 24.17952 248.95135 22.90225 249.46231 21.67833 curveto
 closepath stroke
newpath 251.73907 23.72517 moveto
250.51233 24.22928 249.07373 24.597 248.13 25.45 curveto
248.13 25.45 lineto
248.13 25.45 lineto
248.19412 24.17952 248.95135 22.90225 249.46231 21.67833 curveto
 closepath fill
newpath 305.87 -199.74 moveto
303.17311 -197.99202 304.02724 -194.14801 305.65656 -190.96075 curveto
307.04073 -188.25305 305.48416 -185.16107 305.61 -182.18 curveto
305.61 -182.18 lineto stroke
newpath 307.52069 -185.69417 moveto
306.82874 -184.55302 306.06317 -183.41948 305.61 -182.18 curveto
305.61 -182.18 lineto
305.61 -182.18 lineto
305.05399 -183.37688 304.79373 -184.71974 304.4761 -186.01595 curveto
 closepath stroke
newpath 307.52069 -185.69417 moveto
306.82874 -184.55302 306.06317 -183.41948 305.61 -182.18 curveto
305.61 -182.18 lineto
305.61 -182.18 lineto
305.05399 -183.37688 304.79373 -184.71974 304.4761 -186.01595 curveto
 closepath fill
 0 0 0 1 setcmykcolor 0 1.2 dtransform truncate idtransform setlinewidth pop
newpath -535.82 141.84 moveto
-535.82 141.84 -525.39 144.74 -519.97 145 curveto
-514.55 145.27 -478.03 155.28 -477.12 155.41 curveto
-476.21 155.54 -446 156.55 -444.9 156.86 curveto
-443.8 157.16 -419.99 157.21 -418.56 157.13 curveto
-417.12 157.06 -410.09 156.88 -407.93 156.77 curveto
-405.77 156.66 -400.36 156.57 -392.81 156.18 curveto
-385.26 155.8 -376.68 157.88 -374.49 158.31 curveto
-372.31 158.73 -369.03 159.28 -367.03 159.54 curveto
-365.04 159.8 -357.01 160.31 -355.44 160.6 curveto stroke
 0.6 0.4 0 0.1 setcmykcolor 0 0.84 dtransform truncate idtransform setlinewidth pop
newpath -535.92 141.78 moveto
-535.92 141.78 -525.49 144.68 -520.06 144.95 curveto
-514.64 145.22 -478.03 155.27 -477.12 155.41 curveto
-476.21 155.54 -446.02 156.54 -444.92 156.84 curveto
-443.83 157.15 -420 157.21 -418.56 157.13 curveto
-417.12 157.06 -410.09 156.88 -407.93 156.77 curveto
-405.77 156.66 -400.37 156.57 -392.82 156.18 curveto
-385.26 155.79 -376.68 157.88 -374.5 158.3 curveto
-372.31 158.73 -369.03 159.28 -367.03 159.54 curveto
-365.04 159.81 -357.01 160.31 -355.44 160.6 curveto stroke
 0 0.9 0.9 0.2 setcmykcolor
newpath -536.28 140.95 moveto
-536.28 140.95 -525.85 143.86 -520.42 144.14 curveto
-514.99 144.42 -478.41 154.54 -477.5 154.68 curveto
-476.59 154.81 -446.4 155.87 -445.3 156.17 curveto
-444.2 156.48 -420.38 156.58 -418.94 156.51 curveto
-417.5 156.44 -410.47 156.28 -408.31 156.17 curveto
-406.15 156.07 -400.74 155.98 -393.18 155.61 curveto
-385.61 155.24 -377.03 157.35 -374.84 157.79 curveto
-372.66 158.22 -369.38 158.78 -367.38 159.05 curveto
-365.38 159.31 -357.35 159.81 -355.78 160.1 curveto stroke
 0 0 0 1 setcmykcolor 0 1.2 dtransform truncate idtransform setlinewidth pop
newpath -358.63 165.44 moveto
-367.9 163.92 -363.89 168.77 -363.61 170.74 curveto
-363.34 172.71 -361.07 175.11 -358.87 175.9 curveto
-355.01 177.27 -331.68 178.78 -328.59 178.11 curveto
-303.06 172.51 -286.17 171.09 -285.71 171.05 curveto
-279.07 170.52 -268.48 169.97 -268.48 169.97 curveto
-263.67 169.9 -254.59 170.87 -234.4 169.86 curveto
-231.7 169.73 -209.99 167.72 -207.29 167.76 curveto
-204.58 167.81 -202.43 167.69 -198.11 167.65 curveto stroke
 0.6 0.4 0 0.1 setcmykcolor 0 0.84 dtransform truncate idtransform setlinewidth pop
newpath -358.63 165.44 moveto
-367.9 163.92 -363.89 168.77 -363.62 170.74 curveto
-363.34 172.71 -361.07 175.12 -358.87 175.89 curveto
-355.01 177.27 -331.69 178.78 -328.6 178.1 curveto
-303.07 172.5 -286.19 171.08 -285.72 171.04 curveto
-279.09 170.51 -268.49 169.96 -268.49 169.96 curveto
-263.68 169.9 -254.6 170.87 -234.42 169.85 curveto
-231.72 169.71 -210.01 167.71 -207.3 167.76 curveto
-204.6 167.8 -202.44 167.69 -198.11 167.65 curveto stroke
 0 0.9 0.9 0.2 setcmykcolor
newpath -358.97 164.95 moveto
-368.25 163.42 -364.22 168.28 -363.95 170.25 curveto
-363.67 172.22 -361.39 174.63 -359.18 175.43 curveto
-355.32 176.82 -332.02 178.41 -328.93 177.74 curveto
-303.35 172.18 -286.43 170.81 -285.96 170.77 curveto
-279.31 170.27 -268.69 169.75 -268.69 169.75 curveto
-263.86 169.7 -254.78 170.69 -234.58 169.71 curveto
-231.88 169.57 -210.14 167.61 -207.43 167.66 curveto
-204.72 167.71 -202.56 167.6 -198.23 167.57 curveto stroke
 0 0 0 1 setcmykcolor 0 1.2 dtransform truncate idtransform setlinewidth pop
newpath 219.34 181.45 moveto
228.55 182.05 225.44 165.5 225.19 160.3 curveto
224.94 155.1 224.86 153.49 224.84 149.35 curveto
224.82 145.21 225.73 127.52 225.18 123.94 curveto
224.63 120.36 224.17 115.34 223.91 110.48 curveto
223.64 105.61 223.69 100.19 224.19 93.12 curveto
224.7 86.05 228.24 76.97 227.83 76.09 curveto
227.43 75.21 230.27 57.32 231.43 54.93 curveto
232.58 52.54 235.53 46.11 238.71 41.09 curveto
241.88 36.07 242.58 29 244.36 25.47 curveto
248.38 13.36 255.02 4.53 258.83 -7.57 curveto
260.21 -11.97 261.49 -17.57 262.94 -21.77 curveto
264.39 -25.97 266.07 -30.07 267.55 -36.02 curveto
270.07 -46.13 275.84 -52.77 279.64 -61.81 curveto
280.67 -64.26 280.97 -82.71 282.08 -86.17 curveto
287.25 -102.25 288.18 -109.64 291.53 -117.29 curveto
293.78 -122.45 293.48 -124.25 295.64 -132.89 curveto
297.79 -141.54 300.17 -149.63 300.73 -157.56 curveto
301.29 -165.46 299.87 -188.56 301.26 -195.52 curveto
302.65 -202.47 301.79 -207.87 301.83 -210.23 curveto
301.88 -212.58 302.13 -221.43 302.59 -226.82 curveto
303.05 -232.22 303.55 -235.22 302.79 -238.29 curveto stroke
 0.6 0.4 0 0.1 setcmykcolor 0 0.84 dtransform truncate idtransform setlinewidth pop
newpath 219.26 181.41 moveto
228.49 182.02 225.3 165.43 225.03 160.22 curveto
224.77 155.01 224.68 153.4 224.65 149.25 curveto
224.62 145.11 225.52 127.41 224.97 123.84 curveto
224.43 120.27 223.99 115.24 223.75 110.39 curveto
223.5 105.54 223.58 100.13 224.12 93.08 curveto
224.66 86.03 228.23 76.97 227.83 76.09 curveto
227.42 75.21 230.21 57.29 231.35 54.89 curveto
232.49 52.49 235.4 46.04 238.56 41.01 curveto
241.72 35.99 242.44 28.92 244.24 25.41 curveto
248.33 13.33 255.08 4.55 258.76 -7.61 curveto
260.17 -12.01 261.32 -17.66 262.74 -21.88 curveto
264.15 -26.11 265.77 -30.23 267.25 -36.19 curveto
269.75 -46.29 275.68 -52.87 279.49 -61.89 curveto
280.63 -64.29 280.97 -82.71 282.05 -86.19 curveto
287.07 -102.35 287.88 -109.81 291.22 -117.47 curveto
293.48 -122.63 293.2 -124.42 295.45 -133 curveto
297.71 -141.59 300.17 -149.65 300.67 -157.6 curveto
301.17 -165.55 299.64 -188.71 301.09 -195.63 curveto
302.54 -202.55 301.73 -207.91 301.79 -210.25 curveto
301.85 -212.6 302.13 -221.43 302.57 -226.83 curveto
303.02 -232.24 303.49 -235.25 302.71 -238.34 curveto stroke
 0 0.9 0.9 0.2 setcmykcolor
newpath 219.72 182.35 moveto
228.96 182.98 225.8 166.36 225.55 161.13 curveto
225.29 155.91 225.21 154.29 225.19 150.14 curveto
225.17 145.99 226.11 128.26 225.57 124.68 curveto
225.04 121.1 224.61 116.06 224.37 111.2 curveto
224.13 106.34 224.23 100.92 224.79 93.86 curveto
225.35 86.79 228.94 77.72 228.54 76.84 curveto
228.14 75.95 230.98 58 232.12 55.6 curveto
233.27 53.2 236.2 46.74 239.39 41.71 curveto
242.57 36.69 243.31 29.61 245.12 26.09 curveto
249.26 14 256.04 5.22 259.75 -6.92 curveto
261.16 -11.32 262.33 -16.97 263.74 -21.19 curveto
265.16 -25.41 266.79 -29.53 268.28 -35.49 curveto
270.8 -45.59 276.73 -52.16 280.56 -61.18 curveto
281.71 -63.58 282.07 -82 283.16 -85.49 curveto
288.24 -101.67 289.09 -109.14 292.46 -116.8 curveto
294.74 -121.96 294.47 -123.76 296.76 -132.35 curveto
299.04 -140.94 301.54 -149 302.05 -156.97 curveto
302.56 -164.94 301.07 -188.14 302.54 -195.07 curveto
304 -202 303.2 -207.38 303.27 -209.72 curveto
303.33 -212.07 303.62 -220.93 304.08 -226.37 curveto
304.53 -231.8 305.01 -234.82 304.23 -237.92 curveto stroke
 0 0 0 1 setcmykcolor 0 1.2 dtransform truncate idtransform setlinewidth pop
newpath -193.08 160.19 moveto
-188.76 160.15 -186.95 167.45 -183.13 168.15 curveto
-179.3 168.85 -177.69 168.59 -174.57 169.69 curveto
-171.44 170.8 -160.7 172.59 -155.55 174.49 curveto
-150.41 176.39 -148.45 175.93 -143.15 177.28 curveto
-137.86 178.62 -109.78 185.62 -107.77 186.23 curveto
-105.75 186.85 -94.48 188.62 -91.2 189.18 curveto
-87.92 189.74 -86.28 190.02 -81.93 190.35 curveto
-77.58 190.68 -75.39 191.11 -70.48 191.77 curveto
-65.57 192.42 -59.04 193.18 -47.8 194.59 curveto
-36.57 196 -12.8 198.03 -9.76 199.15 curveto
7.38 205.48 25.68 204.7 43.64 205.04 curveto
46.7 205.1 48.31 204.79 52.27 204.77 curveto
56.91 204.74 56.43 204.05 67.23 204.03 curveto
71.02 204.02 74.07 203.51 80 202.86 curveto
87.04 202.83 93.97 200.89 100.97 200.72 curveto
102.06 200.84 106.91 200.59 111.39 200.19 curveto
115.87 199.78 116.05 199.78 116.92 199.01 curveto
120.2 192.34 125.35 188.98 132.11 186.18 curveto
133.32 185.68 142.6 184 144.75 183.88 curveto
146.9 183.77 156.1 184.18 161.73 185.14 curveto
167.37 186.11 165.78 186.73 169.17 189.43 curveto
172.56 192.14 178.85 194.7 183.77 195.54 curveto
188.7 196.37 191.36 195.51 195.69 195.47 curveto
200.02 195.43 207.74 195.01 215.28 194.61 curveto
222.82 194.21 221.14 192.86 221.84 192.46 curveto
222.54 192.07 228.31 180.81 219.07 183.44 curveto stroke
 0.6 0.4 0 0.1 setcmykcolor 0 0.84 dtransform truncate idtransform setlinewidth pop
newpath -193.08 160.19 moveto
-188.76 160.15 -186.95 167.45 -183.13 168.15 curveto
-179.31 168.85 -177.7 168.59 -174.58 169.69 curveto
-171.46 170.79 -160.74 172.58 -155.59 174.47 curveto
-150.45 176.37 -148.49 175.91 -143.2 177.25 curveto
-137.9 178.6 -109.79 185.61 -107.77 186.23 curveto
-105.76 186.85 -94.48 188.62 -91.21 189.18 curveto
-87.94 189.73 -86.3 190.01 -81.96 190.33 curveto
-77.61 190.66 -75.43 191.09 -70.53 191.74 curveto
-65.63 192.4 -59.1 193.15 -47.85 194.57 curveto
-36.6 195.99 -12.88 198.22 -9.77 199.14 curveto
7.27 205.66 25.64 204.68 43.63 205.04 curveto
46.69 205.09 48.3 204.79 52.26 204.77 curveto
56.9 204.74 56.42 204.04 67.2 204.01 curveto
70.99 204 74.03 203.49 79.95 202.84 curveto
87 202.81 93.94 200.87 100.95 200.7 curveto
102.04 200.83 106.9 200.59 111.39 200.19 curveto
115.87 199.78 116.05 199.77 116.91 199.01 curveto
120.19 192.33 125.36 189.04 132.07 186.16 curveto
133.31 185.73 142.56 183.98 144.72 183.87 curveto
146.87 183.75 156.07 184.16 161.71 185.13 curveto
167.34 186.09 165.75 186.71 169.14 189.42 curveto
172.54 192.12 178.8 194.68 183.72 195.51 curveto
188.63 196.33 191.29 195.47 195.61 195.43 curveto
199.94 195.38 207.67 194.98 215.23 194.59 curveto
222.79 194.2 221.1 192.84 221.8 192.45 curveto
222.51 192.05 228.24 180.77 219 183.4 curveto stroke
 0 0.9 0.9 0.2 setcmykcolor
newpath -193.18 160.11 moveto
-188.85 160.07 -187.05 167.39 -183.23 168.1 curveto
-179.4 168.82 -177.79 168.56 -174.67 169.67 curveto
-171.55 170.78 -160.81 172.6 -155.66 174.51 curveto
-150.52 176.43 -148.55 175.97 -143.25 177.34 curveto
-137.95 178.7 -109.81 185.81 -107.8 186.43 curveto
-105.78 187.06 -94.51 188.85 -91.23 189.42 curveto
-87.96 189.98 -86.32 190.26 -81.97 190.59 curveto
-77.62 190.92 -75.44 191.35 -70.53 192.01 curveto
-65.63 192.68 -59.09 193.44 -47.83 194.88 curveto
-36.58 196.31 -12.82 198.58 -9.71 199.51 curveto
7.37 206.08 25.79 205.15 43.82 205.56 curveto
46.89 205.63 48.5 205.33 52.47 205.32 curveto
57.12 205.3 56.63 204.6 67.42 204.59 curveto
71.21 204.58 74.25 204.07 80.17 203.42 curveto
87.22 203.41 94.16 201.48 101.18 201.32 curveto
102.27 201.44 107.13 201.2 111.63 200.81 curveto
116.12 200.41 116.3 200.4 117.16 199.63 curveto
120.46 192.94 125.66 189.66 132.42 186.8 curveto
133.66 186.37 142.96 184.66 145.12 184.55 curveto
147.28 184.45 156.51 184.9 162.15 185.89 curveto
167.79 186.87 166.2 187.49 169.58 190.22 curveto
172.96 192.94 179.22 195.52 184.14 196.36 curveto
189.05 197.21 191.71 196.35 196.04 196.32 curveto
200.37 196.29 208.12 195.91 215.68 195.54 curveto
223.24 195.17 221.55 193.81 222.25 193.42 curveto
222.95 193.02 228.72 181.73 219.46 184.35 curveto stroke
 0 0 0 1 setcmykcolor 0 1.2 dtransform truncate idtransform setlinewidth pop
newpath 307.28 -238.34 moveto
307.68 -235.2 306.84 -231.7 309.36 -231.64 curveto
311.89 -231.59 315.26 -233 316.22 -231.98 curveto stroke
 0.6 0.4 0 0.1 setcmykcolor 0 0.84 dtransform truncate idtransform setlinewidth pop
newpath 307.2 -238.39 moveto
307.63 -235.23 306.82 -231.71 309.34 -231.66 curveto
311.86 -231.61 315.2 -233.04 316.16 -232.01 curveto stroke
 0 0.9 0.9 0.2 setcmykcolor
newpath 308.74 -237.96 moveto
309.17 -234.79 308.35 -231.27 310.88 -231.21 curveto
313.41 -231.15 316.77 -232.58 317.72 -231.54 curveto stroke
 0 0 0 1 setcmykcolor 0 1.2 dtransform truncate idtransform setlinewidth pop
newpath 316.22 -231.98 moveto
316.22 -231.98 318.85 -232.61 326.66 -226.73 curveto
330.23 -224.03 329.23 -222.61 343.04 -219.68 curveto
357.1 -216.7 363.41 -216.12 371.98 -215.57 curveto
412.73 -212.98 412.48 -208.58 438.74 -207.23 curveto
450.05 -206.65 452.01 -205.84 460 -204.46 curveto stroke
 0.6 0.4 0 0.1 setcmykcolor 0 0.84 dtransform truncate idtransform setlinewidth pop
newpath 316.16 -232.01 moveto
316.16 -232.01 318.77 -232.66 326.54 -226.81 curveto
330.11 -224.11 329.11 -222.62 342.97 -219.73 curveto
356.81 -216.83 362.95 -216.42 371.25 -216.13 curveto
411.02 -214.72 410.77 -210.49 437.49 -209.47 curveto
449.31 -209.15 451.23 -207.22 459.47 -206.92 curveto stroke
 0 0.9 0.9 0.2 setcmykcolor
newpath 317.72 -231.54 moveto
317.72 -231.54 320.34 -232.18 328.08 -226.28 curveto
331.64 -223.56 330.63 -222.07 344.49 -219.14 curveto
358.35 -216.2 364.51 -215.78 372.82 -215.47 curveto
412.68 -213.95 412.4 -209.73 439.21 -208.6 curveto
451.14 -208.1 453.04 -206.21 461.38 -205.53 curveto stroke
 0 0 0 1 setcmykcolor 0 1.2 dtransform truncate idtransform setlinewidth pop
newpath -355.44 160.6 moveto
-355.44 160.6 -338.52 160.26 -317.31 158.8 curveto
-296.13 157.34 -292.57 156.45 -278.55 156.08 curveto
-264.52 155.71 -263.62 155.66 -255.83 156.35 curveto
-229.39 158.67 -233.14 153.75 -216.52 155.98 curveto
-205.83 157.42 -205.27 157.75 -201.45 158.46 curveto
-197.63 159.16 -193.08 160.19 -193.08 160.19 curveto stroke
 0.6 0.4 0 0.1 setcmykcolor 0 0.84 dtransform truncate idtransform setlinewidth pop
newpath -355.44 160.6 moveto
-355.44 160.6 -338.53 160.26 -317.33 158.79 curveto
-296.15 157.34 -292.6 156.43 -278.57 156.06 curveto
-264.53 155.7 -263.64 155.65 -255.85 156.34 curveto
-229.42 158.66 -233.17 153.73 -216.55 155.97 curveto
-205.84 157.41 -205.29 157.74 -201.46 158.45 curveto
-197.64 159.16 -193.08 160.19 -193.08 160.19 curveto stroke
 0 0.9 0.9 0.2 setcmykcolor
newpath -355.78 160.1 moveto
-355.78 160.1 -338.83 159.82 -317.6 158.42 curveto
-296.38 157.02 -292.81 156.13 -278.75 155.8 curveto
-264.69 155.48 -263.79 155.43 -256 156.13 curveto
-229.56 158.52 -233.3 153.57 -216.67 155.84 curveto
-205.95 157.3 -205.39 157.63 -201.57 158.35 curveto
-197.74 159.06 -193.18 160.11 -193.18 160.11 curveto stroke
 0 0 0 1 setcmykcolor 0 1.2 dtransform truncate idtransform setlinewidth pop
newpath -198.11 167.65 moveto
-198.11 167.65 -195.96 167.36 -195.06 167.32 curveto
-194.16 167.27 -194.62 165.31 -196.29 164.32 curveto
-197.97 163.32 -204.17 161.66 -206.89 161.44 curveto
-209.6 161.21 -217.22 160.16 -220.11 159.95 curveto
-223 159.73 -234.52 160.31 -237.22 160.45 curveto
-239.92 160.58 -245.49 161.04 -248.91 161.22 curveto
-260.25 161.79 lineto
-270.77 162.81 -281.26 161.97 -291.77 161.63 curveto
-298.44 161.42 -302.01 162.16 -313.33 162.74 curveto
-324.66 163.32 -330.01 164.49 -345.13 165.29 curveto
-348.97 165.49 -358.63 165.44 -358.63 165.44 curveto stroke
 0.6 0.4 0 0.1 setcmykcolor 0 0.84 dtransform truncate idtransform setlinewidth pop
newpath -198.11 167.65 moveto
-198.11 167.65 -195.96 167.36 -195.06 167.32 curveto
-194.17 167.27 -194.63 165.31 -196.3 164.32 curveto
-197.97 163.32 -204.19 161.65 -206.9 161.43 curveto
-209.62 161.2 -217.24 160.15 -220.14 159.93 curveto
-223.03 159.72 -234.54 160.3 -237.24 160.44 curveto
-239.94 160.57 -245.51 161.03 -248.93 161.21 curveto
-260.26 161.79 lineto
-270.78 162.81 -281.28 161.98 -291.79 161.62 curveto
-298.46 161.42 -302.03 162.15 -313.34 162.73 curveto
-324.67 163.31 -330.02 164.49 -345.13 165.28 curveto
-348.97 165.49 -358.63 165.44 -358.63 165.44 curveto stroke
 0 0.9 0.9 0.2 setcmykcolor
newpath -198.23 167.57 moveto
-198.23 167.57 -196.08 167.28 -195.18 167.24 curveto
-194.28 167.2 -194.74 165.23 -196.41 164.23 curveto
-198.08 163.23 -204.3 161.55 -207.02 161.32 curveto
-209.74 161.09 -217.37 160.02 -220.27 159.8 curveto
-223.16 159.58 -234.69 160.15 -237.39 160.28 curveto
-240.09 160.41 -245.66 160.86 -249.08 161.03 curveto
-260.42 161.58 lineto
-270.96 162.57 -281.48 161.72 -292.02 161.32 curveto
-298.7 161.11 -302.28 161.82 -313.62 162.38 curveto
-324.96 162.93 -330.32 164.09 -345.44 164.83 curveto
-349.29 165.02 -358.97 164.95 -358.97 164.95 curveto stroke
 0 0 0 1 setcmykcolor 0 0.6 dtransform truncate idtransform setlinewidth pop
newpath 225.19992 259.94997 moveto
225.19992 261.55006 227.60007 261.55006 227.60007 259.94997 curveto
227.60007 258.83298 226.4 258.06696 226.4 256.94997 curveto stroke
 0 1.44 dtransform truncate idtransform setlinewidth pop
newpath 226.4 255.15004 moveto 0 0 rlineto stroke
 0 1.99252 dtransform truncate idtransform setlinewidth pop
newpath 226.4 257.55 moveto 0 0 rlineto stroke
 0.6 0.4 0 0.1 setcmykcolor
newpath 226.23 257.46 moveto 0 0 rlineto stroke
 0 0.9 0.9 0.2 setcmykcolor
newpath 226.51 258.54 moveto 0 0 rlineto stroke
 0 0 0 1 setcmykcolor 0 3.98505 dtransform truncate idtransform setlinewidth pop
newpath 545.42 -173.39 moveto 0 0 rlineto stroke
newpath 530.79 -174.77 moveto 0 0 rlineto stroke
 0 0.84 dtransform truncate idtransform setlinewidth pop
newpath 545.42 -173.39 moveto
530.79 -174.77 lineto stroke
 1 0.85 0 setrgbcolor 0 3.98505 dtransform truncate idtransform setlinewidth pop
newpath 535.92 -179.4 moveto 0 0 rlineto stroke
newpath 506.43 -181.03 moveto 0 0 rlineto stroke
 0 0.84 dtransform truncate idtransform setlinewidth pop
newpath 545.42 -173.39 moveto
535.92 -179.4 lineto
506.43 -181.03 lineto
530.79 -174.77 lineto stroke
showpage
%%EOF
