%!PS
%%BoundingBox: -157 -212 155 214 
%%HiResBoundingBox: -156.70253 -211.5 154.94215 213.33 
%%Creator: MetaPost 2.11
%%CreationDate: 2025.10.14:2236
%%Pages: 1
%%BeginProlog
%%EndProlog
%%Page: 1 1
 0 0.4 0.8 0 setcmykcolor 0 0.6 dtransform truncate idtransform setlinewidth pop
 [] 0 setdash 1 setlinecap 1 setlinejoin 10 setmiterlimit
newpath -53.80989 161.96992 moveto
-50.21004 161.96992 lineto stroke
newpath -61.00996 161.96992 moveto
-57.41011 161.96992 lineto stroke
newpath -57.40993 164.37007 moveto
-53.81007 164.37007 lineto stroke
 0 0 0 1 setcmykcolor 0 1.99252 dtransform truncate idtransform setlinewidth pop
newpath -55.61 163.17 moveto 0 0 rlineto stroke
 0.6 0.4 0 0.1 setcmykcolor
newpath -55.62 163.17 moveto 0 0 rlineto stroke
 0 0.9 0.9 0.2 setcmykcolor
newpath -55.62 163.14 moveto 0 0 rlineto stroke
 0 0 0 1 setcmykcolor 0 0.6 dtransform truncate idtransform setlinewidth pop
newpath -103.51038 188.65092 moveto
-83.58366 180.31525 lineto stroke
newpath -100.56184 184.81604 moveto
-100.47937 186.56517 -101.84906 187.95596 -103.51038 188.65092 curveto stroke
newpath -98.70952 189.24411 moveto
-99.89703 187.95723 -101.84906 187.95596 -103.51038 188.65092 curveto stroke
newpath -83.58366 180.31525 moveto
-80.44347 181.60312 lineto stroke
newpath -85.79771 181.24142 moveto
-82.6575 182.52928 lineto stroke
newpath -88.01175 182.16759 moveto
-84.87155 183.45546 lineto stroke
 0 1.99252 dtransform truncate idtransform setlinewidth pop
newpath -92.44 184.02 moveto 0 0 rlineto stroke
 0.6 0.4 0 0.1 setcmykcolor
newpath -92.45 184.01 moveto 0 0 rlineto stroke
 0 0.9 0.9 0.2 setcmykcolor
newpath -92.5 184.04 moveto 0 0 rlineto stroke
 0 0 0 1 setcmykcolor 0 1.2 dtransform truncate idtransform setlinewidth pop
newpath 153.89 -210.9 moveto
155.23 -206.95 153.22 -202.57 152.65 -198.43 curveto
152.17 -195.02 150.44 -180.56 147.17 -175.86 curveto
146.03 -174.23 144.05 -173.36 142.3 -172.4 curveto
139.47 -170.86 136.4 -169.79 133.49 -168.4 curveto
126.77 -165.2 120.25 -161.56 113.47 -158.46 curveto
111.16 -157.4 107.98 -157.59 106.4 -155.61 curveto
104.33 -153.03 104.33 -149.33 103.6 -146.11 curveto
102.23 -140.09 101.17 -134.01 100.11 -127.93 curveto
97.56 -113.18 98.08 -95.24 96.37 -80.37 curveto
95.93 -76.55 94.62 -75.86 93.69 -72.13 curveto
87.64 -47.98 74.24 -25.1 70.96 -2.61 curveto
69.3 4.12 68.1 12.67 67.29 19.55 curveto
66.4 27.11 66.13 29.69 64.01 42.23 curveto
61.52 56.96 59.03 80.28 52.74 93.58 curveto
47.15 105.41 50.41 110.53 50.73 113.36 curveto
51.14 116.95 49.66 121.1 51.57 124.16 curveto
54.61 129.04 47.1 137.18 43.42 143.3 curveto
40.95 147.4 29.68 142.28 20.99 145.42 curveto
18.17 146.44 4.6 151.71 1.88 152.98 curveto
-0.25 153.97 -3.81 158.27 -10.65 158.78 curveto
-14.84 159.1 -19.13 157.84 -23.26 158.63 curveto
-30.68 160.06 -37.68 163.13 -44.9 165.38 curveto
-48.52 167.35 -51.81 170.16 -55.78 171.28 curveto
-59.13 172.22 -62.73 171.38 -66.21 171.39 curveto
-71.48 171.42 -75.39 170.94 -80.56 172.4 curveto
-83.84 173.33 -86.92 174.88 -90.11 176.08 curveto
-110.18 183.58 -131.17 200.12 -133.45 201.67 curveto
-135.09 202.79 -140 204.8 -148.97 212.73 curveto stroke
 0.6 0.4 0 0.1 setcmykcolor 0 0.84 dtransform truncate idtransform setlinewidth pop
newpath 153.84 -210.89 moveto
155.19 -206.93 153.19 -202.55 152.61 -198.42 curveto
152.14 -195.01 150.44 -180.55 147.17 -175.86 curveto
146.03 -174.23 144.04 -173.36 142.29 -172.4 curveto
139.46 -170.86 136.4 -169.79 133.49 -168.4 curveto
126.76 -165.19 120.24 -161.56 113.46 -158.46 curveto
111.15 -157.4 107.98 -157.59 106.39 -155.6 curveto
104.33 -153.02 104.32 -149.32 103.59 -146.1 curveto
102.22 -140.09 101.16 -134 100.11 -127.93 curveto
97.56 -113.18 98.08 -95.24 96.37 -80.37 curveto
95.93 -76.55 94.62 -75.86 93.69 -72.13 curveto
87.64 -47.98 74.24 -25.1 70.96 -2.61 curveto
69.3 4.12 68.1 12.67 67.29 19.55 curveto
66.4 27.11 66.13 29.7 64.01 42.23 curveto
61.52 56.96 59.02 80.27 52.74 93.58 curveto
47.13 105.4 50.41 110.53 50.73 113.36 curveto
51.14 116.95 49.66 121.1 51.57 124.16 curveto
54.61 129.04 47.1 137.18 43.42 143.3 curveto
40.95 147.4 29.67 142.28 20.99 145.42 curveto
18.17 146.44 4.6 151.71 1.88 152.98 curveto
-0.25 153.97 -3.81 158.27 -10.65 158.78 curveto
-14.85 159.1 -19.13 157.84 -23.26 158.63 curveto
-30.68 160.06 -37.69 163.13 -44.9 165.38 curveto
-48.53 167.34 -51.82 170.15 -55.79 171.27 curveto
-59.14 172.22 -62.74 171.37 -66.22 171.39 curveto
-71.49 171.41 -75.4 170.94 -80.57 172.4 curveto
-83.85 173.33 -86.92 174.88 -90.12 176.07 curveto
-110.18 183.58 -131.2 200.11 -133.47 201.66 curveto
-135.12 202.77 -140.02 204.79 -149.03 212.7 curveto stroke
 0 0.9 0.9 0.2 setcmykcolor
newpath 153.9 -210.96 moveto
155.25 -207 153.25 -202.61 152.67 -198.47 curveto
152.2 -195.06 150.5 -180.57 147.23 -175.87 curveto
146.09 -174.23 144.1 -173.36 142.35 -172.4 curveto
139.51 -170.85 136.44 -169.78 133.53 -168.39 curveto
126.78 -165.17 120.24 -161.54 113.44 -158.45 curveto
111.13 -157.39 107.96 -157.58 106.37 -155.59 curveto
104.31 -153.02 104.3 -149.31 103.57 -146.09 curveto
102.2 -140.08 101.14 -133.99 100.08 -127.91 curveto
97.54 -113.16 98.06 -95.22 96.34 -80.34 curveto
95.91 -76.53 94.59 -75.84 93.66 -72.11 curveto
87.62 -47.95 74.22 -25.07 70.94 -2.58 curveto
69.29 4.15 68.09 12.7 67.28 19.58 curveto
66.39 27.14 66.13 29.72 64.01 42.26 curveto
61.52 56.99 58.99 80.31 52.7 93.6 curveto
47.12 105.39 50.4 110.51 50.73 113.33 curveto
51.15 116.91 49.68 121.05 51.59 124.11 curveto
54.64 128.97 47.15 137.11 43.47 143.22 curveto
41 147.32 29.72 142.2 21.04 145.35 curveto
18.22 146.37 4.65 151.63 1.93 152.9 curveto
-0.2 153.89 -3.76 158.19 -10.6 158.71 curveto
-14.79 159.03 -19.09 157.77 -23.22 158.57 curveto
-30.65 160.01 -37.66 163.09 -44.89 165.35 curveto
-48.52 167.32 -51.81 170.13 -55.79 171.26 curveto
-59.14 172.21 -62.75 171.36 -66.23 171.38 curveto
-71.51 171.41 -75.43 170.94 -80.6 172.41 curveto
-83.89 173.34 -86.96 174.9 -90.16 176.1 curveto
-110.24 183.61 -131.22 200.12 -133.49 201.67 curveto
-135.12 202.78 -140.02 204.8 -149.01 212.71 curveto stroke
 0 0 0 1 setcmykcolor 0 1.2 dtransform truncate idtransform setlinewidth pop
newpath 148.49 -210.66 moveto
141.77 -205.26 149.25 -189.85 141.69 -185.69 curveto
129.83 -179.16 107.5 -196.48 101.09 -184.54 curveto
83.79 -152.33 82.02 -82.77 84.35 -75.31 curveto
86.51 -68.38 69.13 -22.71 63.36 4.59 curveto
61.92 8.62 59.83 27 57.34 38.39 curveto
53.4 56.42 46.46 73.78 43.65 92.01 curveto
42.07 102.28 41.3 132.77 34.77 135.41 curveto
27.69 138.26 30.77 137.45 21.66 140.34 curveto
16.98 141.83 9.23 145.28 4.45 146.37 curveto
0.47 147.28 1.77 148.39 -2.27 149.03 curveto
-5.99 149.61 -7.31 151.1 -10.97 151.96 curveto
-19.45 153.94 -33.79 156.3 -42.14 158.78 curveto
-46.82 160.17 -59.45 162.46 -64.24 163.38 curveto
-71.19 164.72 -74.75 168.12 -81.81 168.68 curveto
-88.45 169.22 -104.99 174.44 -108.28 176.55 curveto
-119.87 186.32 -134.68 190.36 -147.49 198.22 curveto
-150.25 199.91 -151.17 198.26 -154.67 198.65 curveto stroke
 0.6 0.4 0 0.1 setcmykcolor 0 0.84 dtransform truncate idtransform setlinewidth pop
newpath 148.46 -210.64 moveto
141.73 -205.25 149.23 -189.84 141.68 -185.68 curveto
129.83 -179.15 107.5 -196.48 101.09 -184.54 curveto
83.79 -152.32 82.02 -82.77 84.35 -75.31 curveto
86.51 -68.38 69.12 -22.71 63.36 4.59 curveto
61.92 8.62 59.84 27 57.34 38.39 curveto
53.41 56.42 46.44 73.78 43.65 92.01 curveto
42.05 102.28 41.3 132.77 34.76 135.41 curveto
27.69 138.26 30.76 137.45 21.66 140.34 curveto
16.98 141.83 9.23 145.28 4.45 146.37 curveto
0.47 147.28 1.76 148.39 -2.27 149.03 curveto
-5.99 149.61 -7.31 151.1 -10.97 151.96 curveto
-19.45 153.94 -33.79 156.3 -42.14 158.77 curveto
-46.82 160.16 -59.45 162.46 -64.25 163.38 curveto
-71.2 164.72 -74.76 168.11 -81.82 168.68 curveto
-88.46 169.21 -104.99 174.44 -108.28 176.55 curveto
-119.89 186.31 -134.71 190.35 -147.53 198.19 curveto
-150.29 199.88 -151.23 198.23 -154.73 198.61 curveto stroke
 0 0.9 0.9 0.2 setcmykcolor
newpath 148.5 -210.71 moveto
141.77 -205.31 149.29 -189.88 141.73 -185.71 curveto
129.86 -179.16 107.47 -196.49 101.06 -184.54 curveto
83.76 -152.31 82 -82.74 84.33 -75.28 curveto
86.49 -68.36 69.11 -22.67 63.35 4.62 curveto
61.91 8.65 59.84 27.03 57.35 38.42 curveto
53.4 56.45 46.42 73.8 43.61 92.04 curveto
42.04 102.29 41.34 132.71 34.81 135.34 curveto
27.74 138.19 30.81 137.38 21.71 140.27 curveto
17.03 141.75 9.28 145.2 4.51 146.29 curveto
0.52 147.21 1.82 148.32 -2.22 148.95 curveto
-5.93 149.53 -7.25 151.02 -10.91 151.88 curveto
-19.41 153.87 -33.77 156.24 -42.13 158.73 curveto
-46.82 160.12 -59.47 162.43 -64.26 163.36 curveto
-71.22 164.71 -74.79 168.11 -81.86 168.68 curveto
-88.5 169.22 -105.06 174.47 -108.34 176.58 curveto
-119.93 186.34 -134.73 190.38 -147.52 198.22 curveto
-150.28 199.91 -151.21 198.26 -154.71 198.64 curveto stroke
 0 0 0 1 setcmykcolor 0 3.98505 dtransform truncate idtransform setlinewidth pop
newpath -145.59 206.13 moveto 0 0 rlineto stroke
newpath -154.67 198.65 moveto 0 0 rlineto stroke
 0 0.84 dtransform truncate idtransform setlinewidth pop
newpath -145.59 206.13 moveto
-154.67 198.65 lineto stroke
 1 0.85 0 setrgbcolor 0 3.98505 dtransform truncate idtransform setlinewidth pop
newpath -145.58 206.14 moveto 0 0 rlineto stroke
newpath -154.71 198.64 moveto 0 0 rlineto stroke
 0 0.84 dtransform truncate idtransform setlinewidth pop
newpath -145.59 206.13 moveto
-145.58 206.14 lineto
-154.71 198.64 lineto
-154.67 198.65 lineto stroke
showpage
%%EOF
