%!PS
%%BoundingBox: -670 -235 665 233 
%%HiResBoundingBox: -669.72252 -234.98975 664.81001 232.48004 
%%Creator: MetaPost 2.11
%%CreationDate: 2025.10.14:2236
%%Pages: 1
%%BeginProlog
%%EndProlog
%%Page: 1 1
 0 0 0 1 setcmykcolor 0 1.2 dtransform truncate idtransform setlinewidth pop
 [] 0 setdash 1 setlinecap 1 setlinejoin 10 setmiterlimit
newpath -667.73 205.51 moveto
-667.73 205.51 -661.6 202.41 -658.57 201.42 curveto
-655.8 200.53 -620.65 183.46 -617.78 180.5 curveto
-614.9 177.52 -600.68 173.63 -594.57 170.86 curveto
-588.59 168.15 -575.32 165.56 -572.19 163.04 curveto
-569.13 160.56 -570.65 156.65 -565.48 150.06 curveto
-560.31 143.45 -549.27 146.19 -545.6 141.18 curveto
-541.89 136.12 -535.2 120.27 -529.28 116.9 curveto
-523.42 113.55 -523.46 113.01 -519.91 111.73 curveto
-516.38 110.46 -509.26 105.21 -505.05 102.1 curveto
-500.84 98.99 -454.02 79.56 -449.26 78.21 curveto
-444.52 76.87 -411.66 64.09 -405.77 60.37 curveto
-399.86 56.64 -397.49 57.05 -394.23 54.01 curveto
-390.97 50.97 -387.17 47.72 -384.59 45.43 curveto
-382.01 43.15 -376.32 38.58 -372.83 36.96 curveto
-369.34 35.35 -348.36 30.03 -343.92 28.74 curveto
-329.5 24.54 -313.76 21.26 -300.99 13.11 curveto
-297.6 10.22 -270.04 -16.29 -265.42 -20.14 curveto
-260.8 -23.99 -252.95 -31.26 -249.82 -33.23 curveto
-246.71 -35.18 -246.92 -35.71 -242.01 -37.4 curveto
-237.11 -39.09 -233.57 -39.62 -230.59 -40.49 curveto
-227.61 -41.35 -229.06 -35.19 -229.92 -34.61 curveto
-230.77 -34.03 -232.33 -33.06 -227.82 -31.85 curveto
-223.32 -30.65 -219.41 -30.67 -216.4 -30.82 curveto
-213.38 -30.97 -209.27 -30.64 -203.76 -30.91 curveto
-198.25 -31.18 -189.57 -31.78 -186.43 -32.67 curveto
-183.3 -33.56 -176.92 -37 -169.38 -45.33 curveto
-161.83 -53.67 -113.87 -102.15 -107.76 -105.19 curveto
-101.24 -108.44 -76.13 -116.52 -73.37 -118.45 curveto
-64.47 -127.09 -55.65 -133.05 -43.93 -137.53 curveto
-41.07 -138.62 -26.47 -151.61 -23.1 -155.39 curveto
-19.73 -159.16 -18.59 -160.86 -16.17 -162.59 curveto
-6.77 -169.33 -10.51 -170.88 1.05 -178.46 curveto
5.54 -181.4 8.98 -183.95 12.78 -187.23 curveto
16.6 -190.52 19.08 -191.68 21.17 -192.65 curveto
25.24 -194.55 30.35 -187.76 32.92 -191.84 curveto
37.57 -199.21 41.69 -206.65 44.22 -214.98 curveto
44.78 -216.83 47.6 -221.12 50.62 -224.54 curveto
53.64 -227.96 62.76 -234.98 64.58 -234.35 curveto
66.41 -233.73 67.69 -232.62 69.12 -229.91 curveto
73.59 -221.49 71.04 -224.31 72.09 -210.75 curveto
72.02 -208.22 72.66 -210.23 71.96 -205.34 curveto
71.27 -200.45 70.41 -177.37 70.41 -177.37 curveto
70.41 -177.37 70.15 -174.49 73.04 -176.43 curveto
75.99 -178.42 73.89 -177.38 78.18 -181.77 curveto
82.47 -186.15 91.2 -195.65 92.63 -195.9 curveto
94.06 -196.15 105.96 -196.2 109.56 -196.38 curveto
113.16 -196.56 121.36 -198.41 124.46 -197.84 curveto
127.55 -197.28 129.38 -196.65 130.85 -196.01 curveto
132.33 -195.36 141.39 -190.6 151.76 -188.6 curveto
162.13 -186.61 161.39 -186.93 169.13 -183.72 curveto
176.86 -180.51 176.29 -181.2 182.22 -178.08 curveto
188.15 -174.96 198.47 -170.62 203 -170.13 curveto
207.54 -169.64 242.89 -157.71 247.89 -155.08 curveto
252.88 -152.45 255.46 -151.13 259.06 -147.9 curveto
262.65 -144.67 262.51 -144.13 265.47 -142.66 curveto
268.44 -141.2 279.19 -136.02 282.32 -134.93 curveto
285.45 -133.84 286.95 -132.84 289.9 -131.73 curveto
292.85 -130.63 314.74 -128.84 326.17 -127.26 curveto
337.59 -125.68 348.5 -123.63 354.79 -123.85 curveto
401.55 -125.48 384.78 -114.97 419.5 -113.61 curveto
422.38 -113.5 429.15 -115.18 430.76 -118.87 curveto
432.37 -122.55 438.06 -134.38 438.54 -135.66 curveto stroke
 0.6 0.4 0 0.1 setcmykcolor 0 0.84 dtransform truncate idtransform setlinewidth pop
newpath -648.9 206.14 moveto
-648.9 206.14 -645.86 202.92 -644.49 201.95 curveto
-643.11 200.97 -613.67 183.88 -611.34 180.88 curveto
-609.01 177.88 -597.26 173.8 -592.23 171.01 curveto
-587.2 168.21 -575.18 165.55 -572.1 163.04 curveto
-569.03 160.54 -570.32 156.68 -564.8 150.1 curveto
-559.27 143.52 -548.2 146.29 -544.55 141.25 curveto
-540.91 136.21 -534.67 120.29 -528.96 116.92 curveto
-523.25 113.55 -523.28 113.01 -519.77 111.74 curveto
-516.27 110.47 -509.05 105.23 -504.76 102.12 curveto
-500.47 99.01 -454.01 79.55 -449.26 78.21 curveto
-444.5 76.87 -411.37 64.11 -405.49 60.39 curveto
-399.61 56.66 -397.26 57.07 -394.02 54.02 curveto
-390.79 50.98 -387.03 47.73 -384.47 45.44 curveto
-381.9 43.16 -376.24 38.58 -372.76 36.97 curveto
-369.28 35.35 -348.25 30.24 -343.9 28.74 curveto
-329.43 24.75 -313.73 21.26 -300.97 13.11 curveto
-297.58 10.22 -269.97 -16.29 -265.36 -20.14 curveto
-260.75 -23.99 -252.93 -31.26 -249.81 -33.23 curveto
-246.7 -35.18 -246.91 -35.71 -242 -37.4 curveto
-237.09 -39.09 -233.55 -39.62 -230.56 -40.48 curveto
-227.57 -41.34 -229.03 -35.18 -229.89 -34.61 curveto
-230.76 -34.03 -232.31 -33.06 -227.8 -31.85 curveto
-223.29 -30.65 -219.37 -30.66 -216.35 -30.81 curveto
-213.33 -30.96 -209.22 -30.63 -203.71 -30.9 curveto
-198.21 -31.17 -189.54 -31.79 -186.41 -32.67 curveto
-183.27 -33.56 -176.89 -37 -169.32 -45.33 curveto
-161.74 -53.66 -113.85 -102.15 -107.76 -105.19 curveto
-101.24 -108.44 -76.11 -116.52 -73.35 -118.45 curveto
-64.46 -127.09 -55.7 -133.19 -43.92 -137.53 curveto
-41.12 -138.76 -26.44 -151.61 -23.07 -155.38 curveto
-19.7 -159.16 -18.56 -160.85 -16.14 -162.59 curveto
-6.74 -169.33 -10.49 -170.88 1.06 -178.46 curveto
5.55 -181.4 9 -183.94 12.78 -187.23 curveto
16.61 -190.5 19.08 -191.68 21.17 -192.65 curveto
25.24 -194.55 30.52 -187.66 32.92 -191.84 curveto
37.73 -199.11 41.74 -206.64 44.22 -214.98 curveto
44.83 -216.82 47.61 -221.12 50.63 -224.54 curveto
53.64 -227.96 62.76 -234.98 64.58 -234.35 curveto
66.41 -233.73 67.68 -232.61 69.13 -229.91 curveto
73.58 -221.48 71.04 -224.31 72.1 -210.75 curveto
72.02 -208.22 72.66 -210.23 71.96 -205.34 curveto
71.27 -200.45 70.41 -177.37 70.41 -177.37 curveto
70.41 -177.37 70.16 -174.48 73.04 -176.43 curveto
76.01 -178.4 73.89 -177.38 78.18 -181.77 curveto
82.47 -186.15 91.2 -195.64 92.63 -195.9 curveto
94.06 -196.15 105.97 -196.2 109.57 -196.38 curveto
113.17 -196.56 121.37 -198.41 124.46 -197.84 curveto
127.55 -197.28 129.38 -196.65 130.86 -196.01 curveto
132.33 -195.36 141.4 -190.6 151.78 -188.6 curveto
162.15 -186.61 161.42 -186.93 169.15 -183.72 curveto
176.88 -180.51 176.31 -181.2 182.23 -178.08 curveto
188.16 -174.96 198.48 -170.62 203.01 -170.13 curveto
207.54 -169.64 242.9 -157.71 247.89 -155.08 curveto
252.89 -152.45 255.47 -151.14 259.06 -147.9 curveto
262.66 -144.67 262.51 -144.13 265.48 -142.66 curveto
268.44 -141.2 279.19 -136.02 282.32 -134.93 curveto
285.45 -133.84 286.95 -132.84 289.91 -131.73 curveto
292.85 -130.62 314.76 -128.84 326.19 -127.26 curveto
337.62 -125.68 348.54 -123.62 354.84 -123.85 curveto
401.58 -125.48 384.81 -114.97 419.51 -113.61 curveto
422.38 -113.49 429.16 -115.18 430.77 -118.86 curveto
432.38 -122.54 438.09 -134.38 438.56 -135.66 curveto stroke
 0 0.9 0.9 0.2 setcmykcolor
newpath -650.1 205.54 moveto
-650.1 205.54 -647.06 202.33 -645.68 201.36 curveto
-644.3 200.39 -614.83 183.39 -612.49 180.4 curveto
-610.15 177.41 -598.39 173.37 -593.36 170.59 curveto
-588.32 167.81 -576.31 165.18 -573.22 162.69 curveto
-570.14 160.2 -571.43 156.33 -565.88 149.77 curveto
-560.34 143.21 -549.28 146 -545.62 140.97 curveto
-541.96 135.94 -535.68 120.03 -529.96 116.68 curveto
-524.24 113.33 -524.27 112.79 -520.76 111.53 curveto
-517.26 110.26 -510.03 105.04 -505.73 101.94 curveto
-501.43 98.84 -454.92 79.48 -450.16 78.15 curveto
-445.41 76.81 -412.3 64.09 -406.42 60.37 curveto
-400.55 56.65 -398.2 57.06 -394.97 54.02 curveto
-391.74 50.98 -387.98 47.73 -385.42 45.45 curveto
-382.87 43.16 -377.22 38.56 -373.73 36.93 curveto
-370.24 35.31 -349.06 30.22 -344.67 28.72 curveto
-330.09 24.77 -314.25 21.28 -301.35 13.11 curveto
-297.93 10.24 -270.22 -16.13 -265.6 -19.96 curveto
-260.99 -23.79 -253.15 -31.02 -250.04 -32.98 curveto
-246.93 -34.94 -247.14 -35.46 -242.22 -37.16 curveto
-237.31 -38.86 -233.76 -39.42 -230.77 -40.29 curveto
-227.78 -41.17 -229.23 -35.01 -230.09 -34.43 curveto
-230.95 -33.85 -232.51 -32.87 -227.97 -31.68 curveto
-223.44 -30.5 -219.51 -30.54 -216.47 -30.71 curveto
-213.44 -30.87 -209.31 -30.56 -203.78 -30.86 curveto
-198.26 -31.17 -189.53 -31.82 -186.36 -32.71 curveto
-183.19 -33.6 -176.76 -37 -169.16 -45.28 curveto
-161.57 -53.57 -113.6 -101.8 -107.51 -104.82 curveto
-100.99 -108.05 -75.77 -116.06 -72.99 -117.98 curveto
-64.04 -126.6 -55.23 -132.67 -43.45 -136.95 curveto
-40.66 -138.17 -25.98 -150.96 -22.61 -154.72 curveto
-19.24 -158.48 -18.09 -160.17 -15.67 -161.9 curveto
-6.28 -168.6 -10.01 -170.16 1.53 -177.69 curveto
6.02 -180.61 9.46 -183.13 13.22 -186.37 curveto
16.97 -189.62 19.41 -190.83 21.5 -191.84 curveto
25.64 -193.83 31.26 -186.94 33.7 -191.07 curveto
38.55 -198.28 42.61 -205.76 45.14 -214.06 curveto
45.76 -215.88 48.56 -220.15 51.6 -223.53 curveto
54.63 -226.92 63.73 -233.86 65.55 -233.24 curveto
67.37 -232.62 68.63 -231.51 70.09 -228.84 curveto
74.6 -220.53 72.05 -223.31 73.27 -209.88 curveto
73.23 -207.37 73.84 -209.37 73.21 -204.51 curveto
72.58 -199.64 72.05 -176.72 72.05 -176.72 curveto
72.05 -176.72 71.85 -173.85 74.78 -175.8 curveto
77.72 -177.75 75.63 -176.74 79.86 -181.09 curveto
84.09 -185.43 92.7 -194.85 94.11 -195.1 curveto
95.53 -195.36 107.33 -195.47 110.89 -195.66 curveto
114.46 -195.86 122.58 -197.74 125.65 -197.19 curveto
128.72 -196.64 130.55 -196.03 132.01 -195.39 curveto
133.48 -194.76 142.5 -190.06 152.8 -188.13 curveto
163.1 -186.19 162.37 -186.5 170.05 -183.35 curveto
177.74 -180.19 177.16 -180.88 183.05 -177.8 curveto
188.95 -174.73 199.19 -170.46 203.69 -169.99 curveto
208.19 -169.52 243.35 -157.86 248.32 -155.27 curveto
253.29 -152.68 255.86 -151.39 259.44 -148.19 curveto
263.01 -144.98 262.86 -144.44 265.8 -142.99 curveto
268.74 -141.54 279.4 -136.4 282.5 -135.32 curveto
285.6 -134.24 287.08 -133.25 290 -132.16 curveto
292.92 -131.06 314.66 -129.39 326.01 -127.87 curveto
337.36 -126.35 348.2 -124.36 354.44 -124.6 curveto
400.82 -126.41 384.22 -115.92 418.66 -114.71 curveto
421.51 -114.61 428.23 -116.3 429.81 -119.97 curveto
431.4 -123.63 437.02 -135.39 437.48 -136.66 curveto stroke
 0 0 0 1 setcmykcolor 0 0.6 dtransform truncate idtransform setlinewidth pop
newpath 313.21 -116.40004 moveto
325.21 -116.40004 lineto stroke
newpath 315.60997 -116.40004 moveto
316.8333 -119.76106 321.58672 -119.76106 322.81004 -116.40004 curveto stroke
 0 1.99252 dtransform truncate idtransform setlinewidth pop
newpath 319.21 -118.8 moveto 0 0 rlineto stroke
 0.6 0.4 0 0.1 setcmykcolor
newpath 319.23 -118.8 moveto 0 0 rlineto stroke
 0 0.9 0.9 0.2 setcmykcolor
newpath 319.14 -119.45 moveto 0 0 rlineto stroke
 0 0 0 1 setcmykcolor 0 0.6 dtransform truncate idtransform setlinewidth pop
newpath 343.24 -113.78003 moveto
355.24 -113.78003 lineto stroke
newpath 345.63997 -113.78003 moveto
346.8633 -117.14105 351.61671 -117.14105 352.84004 -113.78003 curveto stroke
 0 1.99252 dtransform truncate idtransform setlinewidth pop
newpath 349.24 -116.18 moveto 0 0 rlineto stroke
 0.6 0.4 0 0.1 setcmykcolor
newpath 349.28 -116.17 moveto 0 0 rlineto stroke
 0 0.9 0.9 0.2 setcmykcolor
newpath 348.96 -116.97 moveto 0 0 rlineto stroke
 0 0 0 1 setcmykcolor 0 1.2 dtransform truncate idtransform setlinewidth pop
newpath 68.05 -142.38 moveto
79.94 -126.97 85.86 -130.85 93.07 -130.48 curveto
100.29 -130.11 114.16 -126.47 126.52 -124.93 curveto
138.88 -123.39 162.73 -123.91 171.45 -122.91 curveto
180.16 -121.92 240.22 -115.03 240.22 -115.03 curveto stroke
 0.6 0.4 0 0.1 setcmykcolor 0 0.84 dtransform truncate idtransform setlinewidth pop
newpath 68.06 -142.38 moveto
79.96 -126.97 85.88 -130.85 93.09 -130.48 curveto
100.31 -130.11 114.19 -126.48 126.55 -124.93 curveto
138.92 -123.4 162.76 -123.9 171.48 -122.91 curveto
180.19 -121.92 240.24 -115.03 240.24 -115.03 curveto stroke
 0 0.9 0.9 0.2 setcmykcolor
newpath 70.02 -141.92 moveto
81.95 -126.65 87.81 -130.55 94.99 -130.23 curveto
102.16 -129.91 115.94 -126.37 128.19 -124.89 curveto
140.43 -123.42 164.01 -124 172.64 -123.04 curveto
181.28 -122.08 240.84 -115.51 240.84 -115.51 curveto stroke
 0 0 0 1 setcmykcolor 0 1.2 dtransform truncate idtransform setlinewidth pop
newpath 240.65 -103.34 moveto
240.65 -103.34 236.68 -103.14 228 -103.41 curveto
219.32 -103.69 206.21 -105.92 195.38 -106.09 curveto
184.53 -106.27 172.2 -107.92 169.97 -108.42 curveto
150.95 -112.68 138.58 -110.02 117.7 -113.01 curveto
114.76 -113.43 103.25 -113.74 98.87 -114.97 curveto
94.5 -116.19 64.44 -110.83 59.78 -142.69 curveto stroke
 0.6 0.4 0 0.1 setcmykcolor 0 0.84 dtransform truncate idtransform setlinewidth pop
newpath 240.67 -103.34 moveto
240.67 -103.34 236.71 -103.14 228.03 -103.41 curveto
219.36 -103.69 206.25 -105.92 195.41 -106.09 curveto
184.57 -106.27 172.24 -107.91 170.01 -108.41 curveto
150.99 -112.67 138.62 -110.01 117.74 -113 curveto
114.8 -113.43 103.28 -113.74 98.9 -114.97 curveto
94.52 -116.19 64.47 -110.83 59.79 -142.69 curveto stroke
 0 0.9 0.9 0.2 setcmykcolor
newpath 241.3 -103.91 moveto
241.3 -103.91 237.37 -103.7 228.77 -103.94 curveto
220.18 -104.18 207.18 -106.33 196.44 -106.46 curveto
185.71 -106.59 173.49 -108.17 171.28 -108.66 curveto
152.44 -112.81 140.24 -110.12 119.54 -112.97 curveto
116.62 -113.38 105.2 -113.62 100.84 -114.81 curveto
96.48 -116 66.56 -110.43 61.78 -142.18 curveto stroke
 0 0 0 1 setcmykcolor 0 0.6 dtransform truncate idtransform setlinewidth pop
newpath 244.36996 -146.00993 moveto
244.36996 -141.39005 lineto
243.11002 -139.29005 lineto stroke
newpath 244.36996 -141.39005 moveto
245.62991 -139.29005 lineto stroke
newpath 247.97 -146.00993 moveto
247.97 -141.39005 lineto
246.71005 -139.29005 lineto stroke
newpath 247.97 -141.39005 moveto
249.22995 -139.29005 lineto stroke
newpath 251.57004 -146.00993 moveto
251.57004 -141.39005 lineto
250.31009 -139.29005 lineto stroke
newpath 251.57004 -141.39005 moveto
252.82999 -139.29005 lineto stroke
 0 1.99252 dtransform truncate idtransform setlinewidth pop
newpath 247.97 -142.65 moveto 0 0 rlineto stroke
 0.6 0.4 0 0.1 setcmykcolor
newpath 247.98 -142.65 moveto 0 0 rlineto stroke
 0 0.9 0.9 0.2 setcmykcolor
newpath 248.46 -142.93 moveto 0 0 rlineto stroke
 0 0 0 1 setcmykcolor 0 1.2 dtransform truncate idtransform setlinewidth pop
newpath 440.38 -134.86 moveto
440.38 -134.86 436.4 -114.26 442 -110.43 curveto
445.92 -107.75 465.97 -106.44 465.97 -106.44 curveto
465.97 -106.44 493.99 -107.87 510.65 -106.21 curveto
527.31 -104.54 526.6 -104.32 534.08 -102.72 curveto
552.47 -98.78 576.86 -97.32 585.18 -94.34 curveto
591.79 -91.98 593.47 -90.8 596.74 -90.25 curveto
606.71 -88.55 609.56 -86.27 621.44 -82.84 curveto
626.34 -80.81 650.24 -79.09 653.9 -78.88 curveto
658.96 -78.6 662.77 -78.07 664.21 -78.14 curveto stroke
 0.6 0.4 0 0.1 setcmykcolor 0 0.84 dtransform truncate idtransform setlinewidth pop
newpath 440.4 -134.85 moveto
440.4 -134.85 436.41 -114.27 442.01 -110.43 curveto
445.93 -107.75 466 -106.43 466 -106.43 curveto
466 -106.43 494.03 -107.87 510.69 -106.2 curveto
527.36 -104.53 526.65 -104.32 534.12 -102.72 curveto
552.5 -98.78 576.87 -97.32 585.18 -94.34 curveto
591.79 -91.98 593.47 -90.8 596.74 -90.25 curveto
606.72 -88.55 609.57 -86.27 621.45 -82.84 curveto
626.34 -80.81 650.24 -79.09 653.91 -78.88 curveto
658.97 -78.6 662.78 -78.07 664.22 -78.14 curveto stroke
 0 0.9 0.9 0.2 setcmykcolor
newpath 439.31 -135.87 moveto
439.31 -135.87 435.43 -115.43 441 -111.64 curveto
444.9 -108.99 464.82 -107.76 464.82 -107.76 curveto
464.82 -107.76 492.64 -109.28 509.18 -107.69 curveto
525.72 -106.09 525.02 -105.87 532.44 -104.31 curveto
550.69 -100.47 574.88 -99.1 583.14 -96.18 curveto
589.7 -93.86 591.38 -92.7 594.63 -92.16 curveto
604.53 -90.52 607.37 -88.27 619.17 -84.92 curveto
624.03 -82.94 647.75 -81.33 651.39 -81.14 curveto
656.41 -80.88 660.19 -80.38 661.62 -80.45 curveto stroke
 0 0 0 1 setcmykcolor 0 1.2 dtransform truncate idtransform setlinewidth pop
newpath 657.41 -66.44 moveto
657.41 -66.44 656.75 -65.33 645.54 -66.03 curveto
634.33 -66.72 632.56 -66.09 626.33 -68.12 curveto
622.27 -69.45 604.47 -76.91 600.9 -79.1 curveto
597.93 -80.94 587.31 -84.36 581.02 -84.04 curveto
574.72 -83.72 575.95 -84.49 550.17 -84.26 curveto
533.23 -84.12 531.51 -82.61 524.31 -82.22 curveto
515.4 -81.74 506.46 -81.66 497.61 -82.83 curveto
485.41 -84.46 468.09 -83.41 455.45 -86.98 curveto
447.87 -89.11 432.75 -90.43 431.51 -86.65 curveto
430.73 -84.27 439.78 -54.46 436.49 -44.57 curveto stroke
 0.6 0.4 0 0.1 setcmykcolor 0 0.84 dtransform truncate idtransform setlinewidth pop
newpath 657.42 -66.44 moveto
657.42 -66.44 656.75 -65.33 645.54 -66.03 curveto
634.33 -66.72 632.56 -66.09 626.33 -68.12 curveto
622.28 -69.45 604.47 -76.91 600.91 -79.1 curveto
597.93 -80.94 587.31 -84.36 581.02 -84.04 curveto
574.73 -83.72 575.96 -84.49 550.2 -84.26 curveto
533.27 -84.12 531.55 -82.41 524.36 -82.22 curveto
515.46 -81.54 506.51 -81.7 497.66 -82.83 curveto
485.45 -84.5 468.11 -83.41 455.46 -86.97 curveto
447.88 -89.11 432.75 -90.43 431.51 -86.65 curveto
430.73 -84.27 439.82 -54.46 436.54 -44.56 curveto stroke
 0 0.9 0.9 0.2 setcmykcolor
newpath 654.92 -68.82 moveto
654.92 -68.82 654.27 -67.71 643.15 -68.35 curveto
632.02 -68.99 630.27 -68.36 624.08 -70.35 curveto
620.05 -71.64 602.35 -78.96 598.81 -81.12 curveto
595.85 -82.93 585.29 -86.28 579.05 -85.94 curveto
572.81 -85.6 574.02 -86.37 548.46 -86.05 curveto
531.66 -85.85 529.96 -84.15 522.82 -83.93 curveto
513.99 -83.23 505.12 -83.36 496.32 -84.45 curveto
484.21 -86.06 467 -84.91 454.44 -88.41 curveto
446.91 -90.51 431.88 -91.76 430.67 -88 curveto
429.91 -85.64 439.04 -56.09 435.82 -46.26 curveto stroke
 0 0 0 1 setcmykcolor 0 1.2 dtransform truncate idtransform setlinewidth pop
newpath 408.61 -47.11 moveto
408.69 -59.9 424.76 -88.29 424.43 -91.15 curveto
424.1 -94.02 427.15 -97.96 420.63 -98.53 curveto
414.11 -99.1 409.97 -98.89 408.53 -98.82 curveto
401.32 -98.45 400.92 -101.59 387.44 -102.08 curveto
379.13 -102.38 375.33 -102.72 369.54 -103.15 curveto
352.52 -104.41 358.06 -107.38 346.38 -108.64 curveto
339.78 -108.48 333.27 -109.65 326.69 -109.81 curveto
323.8 -109.88 318.59 -109.7 310.86 -109.37 curveto
304.46 -109.09 301.73 -110.07 295.84 -107.27 curveto
287.93 -103.51 280.48 -106.35 270.15 -105.8 curveto
254.11 -104.95 lineto
251.05 -104.79 242.27 -103.43 240.65 -103.34 curveto stroke
 0.6 0.4 0 0.1 setcmykcolor 0 0.84 dtransform truncate idtransform setlinewidth pop
newpath 408.66 -47.11 moveto
408.73 -59.9 424.76 -88.29 424.43 -91.15 curveto
424.11 -94.02 427.15 -97.96 420.63 -98.53 curveto
414.12 -99.1 409.98 -98.89 408.54 -98.82 curveto
401.34 -98.45 400.94 -101.59 387.48 -102.07 curveto
379.17 -102.37 375.37 -102.72 369.58 -103.15 curveto
352.57 -104.4 358.11 -107.37 346.42 -108.64 curveto
339.82 -108.48 333.31 -109.61 326.71 -109.8 curveto
323.83 -109.84 318.61 -109.7 310.88 -109.36 curveto
304.47 -109.09 301.74 -110.07 295.85 -107.27 curveto
287.95 -103.51 280.49 -106.35 270.17 -105.8 curveto
254.13 -104.95 lineto
251.07 -104.79 242.29 -103.43 240.67 -103.34 curveto stroke
 0 0.9 0.9 0.2 setcmykcolor
newpath 408.15 -48.67 moveto
408.17 -61.37 423.97 -89.6 423.63 -92.45 curveto
423.3 -95.29 426.3 -99.21 419.83 -99.75 curveto
413.37 -100.29 409.26 -100.06 407.84 -99.99 curveto
400.69 -99.59 400.28 -102.7 386.92 -103.13 curveto
378.68 -103.39 374.9 -103.72 369.16 -104.12 curveto
352.27 -105.3 357.76 -108.27 346.15 -109.48 curveto
339.61 -109.3 333.14 -110.39 326.6 -110.55 curveto
323.74 -110.58 318.56 -110.41 310.89 -110.05 curveto
304.52 -109.75 301.81 -110.71 295.95 -107.91 curveto
288.12 -104.16 280.72 -106.97 270.49 -106.41 curveto
254.62 -105.54 lineto
251.59 -105.37 242.9 -104 241.3 -103.91 curveto stroke
 0 0 0 1 setcmykcolor 0 1.2 dtransform truncate idtransform setlinewidth pop
newpath 240.22 -115.03 moveto
240.22 -115.03 252.12 -115.28 256.09 -115.49 curveto
260.06 -115.7 265.47 -115.99 267.98 -116.31 curveto
270.5 -116.63 272.86 -116.4 272.36 -119.07 curveto
271.85 -121.74 272.08 -122.19 269.53 -124.67 curveto
266.79 -127.33 263.55 -129 260.16 -130.65 curveto
255.95 -132.7 252.72 -135.57 249.21 -136.21 curveto
246.41 -136.73 245.95 -136.41 243.18 -137.72 curveto
240.41 -139.02 241.99 -139.83 232.31 -146.02 curveto
222.64 -152.2 222.55 -151.76 219.53 -153.12 curveto
207.85 -158.4 185.14 -163.27 184.04 -163.57 curveto
177.2 -165.48 176.44 -166.55 156.92 -172.11 curveto
152.12 -173.47 142.74 -174.25 137.16 -178.13 curveto
133.91 -180.39 124.76 -184.7 122.93 -185.15 curveto
119.41 -185.49 116.16 -187.01 112.71 -187.7 curveto
110.35 -188.16 108.35 -188.2 104.94 -187.85 curveto
98.04 -188.07 94.46 -184.57 89.25 -180.9 curveto
87.48 -180.08 82.27 -176.01 80.58 -173.93 curveto
78.88 -171.86 73.05 -161.47 73.05 -161.47 curveto
73.05 -161.47 71.14 -160.13 70.86 -158.5 curveto
70.57 -156.87 70.67 -154.9 71.68 -152.44 curveto
72.7 -149.97 71.67 -141.66 63.12 -144.11 curveto stroke
 0.6 0.4 0 0.1 setcmykcolor 0 0.84 dtransform truncate idtransform setlinewidth pop
newpath 240.24 -115.03 moveto
240.24 -115.03 252.14 -115.28 256.1 -115.49 curveto
260.07 -115.7 265.48 -115.99 267.99 -116.31 curveto
270.5 -116.63 272.86 -116.4 272.36 -119.07 curveto
271.86 -121.74 272.19 -122.3 269.53 -124.67 curveto
266.9 -127.44 263.55 -129 260.17 -130.65 curveto
255.96 -132.7 252.72 -135.57 249.21 -136.21 curveto
246.41 -136.73 245.96 -136.41 243.18 -137.72 curveto
240.42 -139.02 242 -139.83 232.32 -146.02 curveto
222.65 -152.2 222.55 -151.76 219.54 -153.12 curveto
207.85 -158.4 185.15 -163.27 184.05 -163.57 curveto
177.22 -165.47 176.46 -166.55 156.95 -172.1 curveto
152.14 -173.47 142.83 -174.35 137.17 -178.13 curveto
133.99 -180.49 124.76 -184.7 122.94 -185.15 curveto
119.41 -185.49 116.15 -186.97 112.71 -187.7 curveto
110.34 -188.12 108.35 -188.2 104.94 -187.85 curveto
98.05 -188.07 94.46 -184.57 89.25 -180.9 curveto
87.49 -180.08 82.28 -176.01 80.58 -173.93 curveto
78.88 -171.86 73.05 -161.47 73.05 -161.47 curveto
73.05 -161.47 71.14 -160.13 70.86 -158.5 curveto
70.57 -156.87 70.67 -154.9 71.69 -152.44 curveto
72.7 -149.97 71.68 -141.66 63.13 -144.11 curveto stroke
 0 0.9 0.9 0.2 setcmykcolor
newpath 240.84 -115.51 moveto
240.84 -115.51 252.63 -115.8 256.55 -116.01 curveto
260.47 -116.23 265.82 -116.52 268.31 -116.84 curveto
270.79 -117.15 273.13 -116.92 272.63 -119.58 curveto
272.13 -122.23 272.45 -122.79 269.82 -125.15 curveto
267.21 -127.89 263.9 -129.45 260.55 -131.08 curveto
256.39 -133.1 253.18 -135.94 249.7 -136.56 curveto
246.92 -137.06 246.47 -136.74 243.72 -138.02 curveto
240.96 -139.3 242.53 -140.11 232.9 -146.19 curveto
223.26 -152.28 223.17 -151.85 220.17 -153.19 curveto
208.54 -158.37 186 -163.12 184.92 -163.42 curveto
178.12 -165.28 177.37 -166.34 157.99 -171.78 curveto
153.21 -173.12 143.97 -173.95 138.35 -177.68 curveto
135.18 -180.01 126.01 -184.15 124.2 -184.59 curveto
120.7 -184.92 117.46 -186.37 114.05 -187.07 curveto
111.7 -187.48 109.73 -187.55 106.35 -187.19 curveto
99.51 -187.37 95.96 -183.9 90.81 -180.26 curveto
89.07 -179.44 83.93 -175.41 82.25 -173.35 curveto
80.57 -171.29 74.88 -160.96 74.88 -160.96 curveto
74.88 -160.96 72.99 -159.61 72.72 -157.98 curveto
72.45 -156.36 72.56 -154.4 73.59 -151.95 curveto
74.61 -149.5 73.64 -141.22 65.1 -143.61 curveto stroke
 0 0 0 1 setcmykcolor 0 1.2 dtransform truncate idtransform setlinewidth pop
newpath -592.19 211.83 moveto
-588.61 206.88 -577.57 178.69 -583.95 180.71 curveto
-590.56 182.81 -613.75 196.1 -618.94 200.7 curveto
-621.96 203.38 -628.34 210.22 -631.55 213.86 curveto
-633.86 216.49 -635.15 220.07 -640.1 220.65 curveto
-646.05 221.36 -665.65 221.38 -667.96 221.73 curveto stroke
 0.6 0.4 0 0.1 setcmykcolor 0 0.84 dtransform truncate idtransform setlinewidth pop
newpath -586.8 212.19 moveto
-583.87 207.19 -576.75 178.7 -582.35 180.82 curveto
-587.96 182.93 -607.04 196.56 -611.78 201.13 curveto
-614.63 203.87 -621.43 210.64 -625.16 214.25 curveto
-627.86 216.87 -628.93 220.38 -634.43 221.05 curveto
-639.94 221.73 -653.13 222.67 -655.24 223.33 curveto stroke
 0 0.9 0.9 0.2 setcmykcolor
newpath -588.05 211.77 moveto
-585.11 206.78 -577.91 178.33 -583.52 180.42 curveto
-589.13 182.52 -608.23 196.09 -612.99 200.64 curveto
-615.85 203.37 -622.67 210.11 -626.4 213.72 curveto
-629.11 216.33 -630.18 219.83 -635.69 220.48 curveto
-641.2 221.14 -654.38 222.05 -656.5 222.7 curveto stroke
 0 0 0 1 setcmykcolor 0 1.2 dtransform truncate idtransform setlinewidth pop
newpath 63.12 -144.11 moveto
55.43 -143.91 56.95 -156.54 56.95 -156.54 curveto
58.21 -158.53 61.58 -161.15 61.96 -164.12 curveto
62.26 -166.53 61.61 -168.87 61.44 -171.33 curveto
61.06 -176.78 62.47 -182.44 62.16 -185.49 curveto
61.86 -188.53 61 -187.42 60.63 -192.08 curveto
60.26 -196.75 60.1 -200.7 60.53 -203.42 curveto
60.96 -206.14 61.83 -206.89 61.75 -208.69 curveto
61.67 -210.48 62 -211.21 61.96 -212.11 curveto
63.68 -234 49.88 -198.59 49.57 -196.29 curveto
49.02 -192.23 48.8 -188.19 48.85 -184.12 curveto
49.21 -181.23 48.71 -179.05 46.43 -177.51 curveto
44.12 -175.95 40.56 -174.89 39.17 -175.18 curveto
37.76 -175.47 35.65 -175.56 34.06 -175.67 curveto
27.54 -174.7 21.68 -171.69 15.53 -169.26 curveto
14.33 -168.78 6.29 -162.45 5.58 -161.69 curveto
-6.37 -148.85 -19.57 -147.63 -31.4 -137.71 curveto
-31.88 -137.3 -37.7 -128.07 -42.1 -127.6 curveto
-45.5 -127.23 -48.49 -126.5 -51.43 -124.91 curveto
-51.43 -124.91 -64.2 -117.39 -68.76 -115.87 curveto
-74.44 -113.98 -81.35 -107.05 -88.49 -102.93 curveto
-89.31 -102.46 -91.17 -99.9 -95.94 -95.86 curveto
-96.62 -95.28 -125.66 -53.98 -131.33 -52.94 curveto
-137.01 -51.89 -141.05 -50.58 -145.09 -46.22 curveto
-153.88 -36.73 -149.78 -38.51 -159.14 -29.8 curveto
-164.2 -25.09 -169.23 -18.99 -176.31 -17.5 curveto
-182.81 -17.15 -193.37 -17.34 -205.72 -20.3 curveto
-219.24 -23.55 -220.87 -24.18 -223.02 -24.43 curveto
-225.16 -24.68 -237.53 -23.36 -238.76 -23.29 curveto
-240 -23.23 -245.65 -19.32 -248.06 -17.57 curveto
-250.47 -15.82 -249.55 -12.12 -252.55 -11.4 curveto
-255.56 -10.69 -258.22 -10.18 -259.26 -9.58 curveto
-262 -8.01 -275.32 8.48 -290.57 17.12 curveto
-294.21 19.19 -297.72 21.78 -301.84 22.59 curveto
-311.24 24.43 -322.39 36.47 -336.64 40.75 curveto
-343.45 42 -349.52 44.38 -355.58 47.58 curveto
-359.65 48.69 -362.56 51.41 -366.14 53.37 curveto
-386.03 64.25 -408.11 67.75 -427.92 78.8 curveto
-431.52 82.53 -435.21 84.98 -440.08 86.82 curveto
-443.55 88.13 -448.46 90.15 -449.7 90.39 curveto
-450.94 90.64 -503.45 120.1 -509.03 121.5 curveto
-520.72 127.34 -532.56 137.79 -542.57 146.91 curveto
-544.91 149.04 -545.99 164.87 -548.53 167.84 curveto
-558.39 179.37 -557.58 174.92 -568.26 175.49 curveto
-572.11 175.7 -582.37 207.13 -584.24 215.2 curveto stroke
 0.6 0.4 0 0.1 setcmykcolor 0 0.84 dtransform truncate idtransform setlinewidth pop
newpath 63.13 -144.11 moveto
55.43 -143.91 56.95 -156.54 56.95 -156.54 curveto
58.21 -158.53 61.6 -161.15 61.96 -164.12 curveto
62.28 -166.52 61.62 -168.87 61.44 -171.33 curveto
61.07 -176.78 62.47 -182.44 62.17 -185.49 curveto
61.86 -188.53 61.01 -187.42 60.64 -192.08 curveto
60.27 -196.75 60.11 -200.7 60.53 -203.42 curveto
60.96 -206.14 61.83 -206.89 61.75 -208.69 curveto
61.67 -210.48 62 -211.21 61.96 -212.11 curveto
63.68 -234 49.95 -198.58 49.57 -196.29 curveto
49.09 -192.22 48.81 -188.19 48.86 -184.12 curveto
49.21 -181.23 48.72 -179.05 46.44 -177.51 curveto
44.12 -175.95 40.57 -174.89 39.17 -175.18 curveto
37.76 -175.47 35.65 -175.56 34.06 -175.67 curveto
27.54 -174.7 21.67 -171.74 15.54 -169.26 curveto
14.32 -168.82 6.31 -162.45 5.6 -161.68 curveto
-6.34 -148.85 -19.53 -147.61 -31.38 -137.71 curveto
-31.85 -137.29 -37.7 -128.17 -42.1 -127.6 curveto
-45.5 -127.33 -48.49 -126.5 -51.43 -124.91 curveto
-51.43 -124.91 -64.19 -117.39 -68.74 -115.87 curveto
-74.42 -113.97 -81.34 -107.05 -88.49 -102.93 curveto
-89.3 -102.46 -91.17 -99.9 -95.93 -95.86 curveto
-96.61 -95.28 -125.56 -53.98 -131.24 -52.93 curveto
-136.91 -51.88 -140.95 -50.57 -145 -46.21 curveto
-153.81 -36.73 -149.7 -38.5 -159.1 -29.8 curveto
-164.17 -25.08 -169.22 -18.99 -176.31 -17.5 curveto
-182.81 -17.15 -193.35 -17.34 -205.68 -20.3 curveto
-219.2 -23.55 -220.83 -24.18 -222.98 -24.43 curveto
-225.13 -24.68 -237.52 -23.35 -238.76 -23.29 curveto
-239.99 -23.23 -245.64 -19.32 -248.04 -17.57 curveto
-250.44 -15.82 -249.51 -12.12 -252.51 -11.4 curveto
-255.51 -10.69 -258.16 -10.18 -259.2 -9.58 curveto
-261.93 -8.01 -275.33 8.36 -290.56 17.12 curveto
-294.28 19.06 -297.72 21.78 -301.83 22.59 curveto
-311.22 24.43 -322.36 36.47 -336.6 40.75 curveto
-343.42 42 -349.49 44.39 -355.57 47.58 curveto
-359.65 48.69 -362.67 51.23 -366.13 53.37 curveto
-385.95 64.08 -407.81 67.77 -427.74 78.81 curveto
-431.37 82.54 -435.12 84.94 -440.01 86.82 curveto
-443.51 88.09 -448.41 90.15 -449.64 90.4 curveto
-450.88 90.65 -503.38 120.1 -509.02 121.5 curveto
-520.57 127.35 -531.71 137.99 -541.54 146.98 curveto
-543.74 149.25 -545.07 164.91 -547.67 167.9 curveto
-557.66 179.39 -557.02 174.94 -567.99 175.51 curveto
-571.77 175.71 -578.13 207.41 -579.28 215.53 curveto stroke
 0 0.9 0.9 0.2 setcmykcolor
newpath 65.1 -143.61 moveto
57.42 -143.37 58.88 -155.97 58.88 -155.97 curveto
60.12 -157.97 63.48 -160.6 63.83 -163.57 curveto
64.13 -165.97 63.47 -168.28 63.26 -170.7 curveto
62.79 -176.04 64.09 -181.65 63.74 -184.67 curveto
63.4 -187.7 62.57 -186.58 62.13 -191.2 curveto
61.7 -195.83 61.49 -199.75 61.87 -202.46 curveto
62.26 -205.16 63.12 -205.92 63.02 -207.71 curveto
62.92 -209.49 63.24 -210.22 63.19 -211.11 curveto
64.66 -232.88 50.82 -197.67 50.46 -195.39 curveto
50.03 -191.38 49.84 -187.42 50.04 -183.39 curveto
50.55 -180.51 50.11 -178.34 47.72 -176.82 curveto
45.3 -175.26 41.61 -174.16 40.16 -174.44 curveto
38.71 -174.72 36.57 -174.78 34.95 -174.87 curveto
28.29 -173.82 22.2 -170.88 15.99 -168.46 curveto
14.76 -168.04 6.74 -161.7 6.03 -160.94 curveto
-5.92 -148.16 -19.08 -146.95 -30.94 -137.1 curveto
-31.41 -136.68 -37.26 -127.59 -41.66 -127.03 curveto
-45.06 -126.77 -48.04 -125.95 -50.99 -124.37 curveto
-50.99 -124.37 -63.81 -116.87 -68.38 -115.37 curveto
-74.09 -113.49 -81.05 -106.58 -88.24 -102.48 curveto
-89.06 -102.01 -90.95 -99.46 -95.72 -95.45 curveto
-96.41 -94.88 -125.45 -53.76 -131.12 -52.73 curveto
-136.79 -51.71 -140.83 -50.41 -144.88 -46.08 curveto
-153.71 -36.64 -149.6 -38.4 -159.01 -29.74 curveto
-164.09 -25.06 -169.14 -19 -176.23 -17.53 curveto
-182.73 -17.17 -193.32 -17.3 -205.7 -20.21 curveto
-219.29 -23.4 -220.94 -24.02 -223.1 -24.26 curveto
-225.26 -24.5 -237.7 -23.1 -238.95 -23.04 curveto
-240.19 -22.97 -245.88 -19.08 -248.29 -17.34 curveto
-250.7 -15.59 -249.78 -11.89 -252.78 -11.19 curveto
-255.78 -10.49 -258.44 -9.98 -259.48 -9.39 curveto
-262.22 -7.83 -275.67 8.49 -290.93 17.19 curveto
-294.65 19.12 -298.1 21.84 -302.26 22.64 curveto
-311.72 24.48 -322.99 36.6 -337.39 40.84 curveto
-344.25 42.07 -350.37 44.43 -356.51 47.62 curveto
-360.62 48.71 -363.64 51.25 -367.1 53.38 curveto
-386.91 64.07 -408.75 67.74 -428.67 78.76 curveto
-432.3 82.48 -436.04 84.88 -440.93 86.76 curveto
-444.43 88.03 -449.33 90.08 -450.57 90.33 curveto
-451.8 90.58 -504.39 119.93 -510.03 121.31 curveto
-521.6 127.14 -532.77 137.74 -542.62 146.71 curveto
-544.82 148.97 -546.2 164.63 -548.81 167.61 curveto
-558.82 179.07 -558.18 174.63 -569.14 175.17 curveto
-572.92 175.35 -579.38 207.02 -580.54 215.14 curveto stroke
 0 0 0 1 setcmykcolor 0 0.6 dtransform truncate idtransform setlinewidth pop
newpath -593.72008 230.97997 moveto
-593.72008 232.58006 -591.31993 232.58006 -591.31993 230.97997 curveto
-591.31993 229.86298 -592.52 229.09695 -592.52 227.97997 curveto stroke
 0 1.44 dtransform truncate idtransform setlinewidth pop
newpath -592.52 226.18004 moveto 0 0 rlineto stroke
 0 1.99252 dtransform truncate idtransform setlinewidth pop
newpath -592.52 228.58 moveto 0 0 rlineto stroke
 0.6 0.4 0 0.1 setcmykcolor
newpath -586.37 229 moveto 0 0 rlineto stroke
 0 0.9 0.9 0.2 setcmykcolor
newpath -587.67 228.58 moveto 0 0 rlineto stroke
 0 0 0 1 setcmykcolor 0 0.6 dtransform truncate idtransform setlinewidth pop
newpath 422.75993 -55.04004 moveto
422.75993 -53.43994 425.16008 -53.43994 425.16008 -55.04004 curveto
425.16008 -56.15703 423.96 -56.92305 423.96 -58.04004 curveto stroke
 0 1.44 dtransform truncate idtransform setlinewidth pop
newpath 423.96 -59.83997 moveto 0 0 rlineto stroke
 0 1.99252 dtransform truncate idtransform setlinewidth pop
newpath 423.96 -57.44 moveto 0 0 rlineto stroke
 0.6 0.4 0 0.1 setcmykcolor
newpath 423.99 -57.43 moveto 0 0 rlineto stroke
 0 0.9 0.9 0.2 setcmykcolor
newpath 423.32 -58.98 moveto 0 0 rlineto stroke
 0 0 0 1 setcmykcolor 0 0.6 dtransform truncate idtransform setlinewidth pop
newpath -528.4 169.83 moveto
-553.37 163.15 lineto stroke
newpath -550.16174 162.76599 moveto
-553.37 163.15 lineto
-550.78204 165.08463 lineto stroke
 0 3.98505 dtransform truncate idtransform setlinewidth pop
newpath -641.25 212.18 moveto 0 0 rlineto stroke
newpath -667.73 205.51 moveto 0 0 rlineto stroke
 0 0.84 dtransform truncate idtransform setlinewidth pop
newpath -641.25 212.18 moveto
-667.73 205.51 lineto stroke
 1 0.85 0 setrgbcolor 0 3.98505 dtransform truncate idtransform setlinewidth pop
newpath -642.48 211.6 moveto 0 0 rlineto stroke
newpath -650.1 205.54 moveto 0 0 rlineto stroke
 0 0.84 dtransform truncate idtransform setlinewidth pop
newpath -641.25 212.18 moveto
-642.48 211.6 lineto
-650.1 205.54 lineto
-667.73 205.51 lineto stroke
showpage
%%EOF
