%!PS
%%BoundingBox: -449 -241 243 475 
%%HiResBoundingBox: -448.46004 -240.7993 242.26904 474.87001 
%%Creator: MetaPost 2.11
%%CreationDate: 2025.10.14:2236
%%Pages: 1
%%BeginProlog
%%EndProlog
%%Page: 1 1
 0 0.42001 dtransform truncate idtransform setlinewidth pop [] 0 setdash
 1 setlinecap 1 setlinejoin 10 setmiterlimit
newpath 144.53 474.66 moveto
147.19 463.71 166.07 391.69 168.31 372.82 curveto
170.55 353.95 177.12 308.18 176.28 292.36 curveto
175.44 276.54 179.14 237.77 180.22 230.87 curveto
181.29 223.96 186.34 183.32 187.2 172.45 curveto
188.07 161.59 195.56 160.11 186.06 157.73 curveto
176.56 155.36 162.39 166.93 163.9 154.59 curveto
165.41 142.25 169.63 126.88 170.74 120.69 curveto
171.86 114.51 175.41 99.9 177.86 84.99 curveto
180.31 70.08 182.98 38.93 186.91 31.51 curveto
190.84 24.09 201.29 10.17 207.87 -1.72 curveto
214.45 -13.61 230.88 -34.31 230.27 -38.81 curveto
229.68 -43.21 244.98 -65.05 241.56 -71.42 curveto stroke
newpath 241.56 -71.42 moveto
239.81 -78.23 241.75 -96.4 228.35 -104.36 curveto
214.95 -112.3 196.46 -114.19 195.11 -119.17 curveto
193.77 -124.14 198.46 -137.73 186.46 -139.62 curveto
174.46 -141.51 142.2 -137.98 134.38 -142.62 curveto
126.56 -147.25 104.12 -169.3 95.76 -170.66 curveto
87.39 -172.01 75.36 -171.2 59.87 -181.19 curveto stroke
newpath 57.1 -179.06 moveto
57.1 -179.06 80.32 -169.48 67.56 -172.22 curveto stroke
newpath 67.56 -172.22 moveto
55.73 -172.78 58.05 -144.32 73.04 -143.68 curveto
80.81 -143.34 76.96 -130.91 72.2 -132.45 curveto stroke
newpath 72.2 -132.45 moveto
68.22 -132.6 28.97 -145.3 21.34 -146.33 curveto
13.71 -147.37 -18.93 -157.89 -27.03 -161.06 curveto
-35.13 -164.24 -34.2 -160.32 -41.83 -168.21 curveto
-49.46 -176.09 -96.13 -172.53 -111.69 -173.5 curveto
-127.24 -174.47 -122 -177.64 -136.5 -185.88 curveto
-151 -194.11 -151.18 -184.01 -163.42 -183.72 curveto
-175.67 -183.43 -169.84 -189.15 -176.71 -189.51 curveto
-183.58 -189.86 -188.13 -200.78 -198.68 -202.76 curveto
-209.25 -204.74 -235.29 -182.45 -235.91 -195.98 curveto
-236.59 -211.08 -276.82 -204 -287.81 -203.75 curveto
-298.95 -203.49 -317.07 -225.64 -333.79 -234.85 curveto
-350.49 -244.05 -472.46 -242.34 -443.95 -228.63 curveto stroke
newpath -443.95 -228.63 moveto
-427.55 -218.69 -353.77 -210.73 -340.24 -207.12 curveto
-326.71 -203.51 -295.29 -195.8 -289.71 -193.24 curveto
-284.18 -190.7 -259.14 -200.58 -257.47 -195.99 curveto
-255.72 -191.19 -269.83 -175.76 -253.91 -176.64 curveto
-238.06 -177.52 -200.4 -187.52 -199.07 -182.91 curveto
-197.75 -178.29 -203.19 -172.24 -195.27 -172.3 curveto
-187.34 -172.36 -172.92 -172.4 -164.68 -173.56 curveto
-156.45 -174.72 -141.27 -180.57 -134.83 -174.79 curveto
-128.39 -169 -127.31 -162.21 -117.58 -162.37 curveto
-107.86 -162.53 -56.15 -166.36 -54.12 -162.14 curveto
-52.09 -157.93 -56.91 -153.7 -48.91 -152.33 curveto
-40.91 -150.95 -19.47 -147.76 -9.72 -140.71 curveto
0.03 -133.66 9.85 -132.02 9.19 -130.91 curveto
8.52 -129.79 59.94 -125.67 64.07 -122.65 curveto
68.19 -119.62 91.22 -113.64 82.75 -110.31 curveto
74.27 -106.97 53.12 -104.76 47.31 -105.54 curveto stroke
newpath 48.66 -93.71 moveto
63.76 -94.52 92.74 -98.58 97.17 -103.51 curveto
101.59 -108.43 104.45 -108.94 93.21 -116.99 curveto
81.96 -125.04 90.82 -128.04 92.27 -134.6 curveto
93.72 -141.17 85.26 -151.18 95.08 -149.54 curveto
104.9 -147.89 122.04 -137.27 129.07 -134.04 curveto
136.09 -130.81 149.33 -132.6 159.53 -130.61 curveto
169.74 -128.63 177.27 -129.4 179.29 -125.18 curveto
181.32 -120.96 180.25 -107.2 189.05 -104.43 curveto
197.85 -101.65 220.95 -101.08 221.48 -91.01 curveto
222.02 -80.94 219.52 -61.29 211.43 -55.89 curveto stroke
newpath 211.43 -55.89 moveto
198.54 -46.03 194.87 -36.68 186.91 -22.93 curveto
178.95 -9.18 169.62 4.67 170.31 10.76 curveto
170.99 16.86 174.87 22.06 173.28 26.11 curveto
171.7 30.16 163 42.87 164.08 49.66 curveto
165.17 56.46 163.92 66.98 162.7 71.01 curveto
161.47 75.04 162.25 116.82 160.81 123.75 curveto
159.38 130.67 153.07 174.63 160.26 174.25 curveto
167.45 173.87 176.79 166.52 176.12 174.13 curveto
175.44 181.73 172.36 225.52 171.82 235.64 curveto
171.27 245.76 168.01 285.95 165.75 297.61 curveto
163.48 309.27 161.44 352.28 154.32 374.28 curveto
147.2 396.3 134.88 469.4 133.23 472.37 curveto stroke
showpage
%%EOF
