%!PS
%%BoundingBox: -274 -259 284 257 
%%HiResBoundingBox: -273.56253 -258.72 283.31598 256.06999 
%%Creator: MetaPost 2.11
%%CreationDate: 2025.10.14:2236
%%Pages: 1
%%BeginProlog
%%EndProlog
%%Page: 1 1
 0 0 0 1 setcmykcolor 0 1.2 dtransform truncate idtransform setlinewidth pop
 [] 0 setdash 1 setlinecap 1 setlinejoin 10 setmiterlimit
newpath -266.49 245.72 moveto
-266.49 245.72 -249.45 239.87 -241.31 239.4 curveto
-233.28 238.93 -228.12 237.21 -222.39 236.54 curveto
-216.56 235.86 -211.9 233.1 -206.52 232.82 curveto
-201.07 232.54 -190.52 231.83 -185.63 231.76 curveto
-180.78 231.7 -160.26 231.54 -159.01 231.47 curveto
-157.76 231.41 -154.31 235.91 -151.81 235.61 curveto
-149.3 235.3 -149.3 235.3 -146.52 232.99 curveto
-143.73 230.69 -143.58 230.14 -141.63 229.32 curveto
-139.68 228.5 -135.72 228.3 -132.13 228.12 curveto
-128.55 227.93 -119.32 225.48 -114.6 226.14 curveto
-109.87 226.8 -82.26 221.97 -78.11 222.11 curveto
-73.95 222.26 -66.39 222.06 -57.83 220.54 curveto
-49.27 219.02 -44.33 217.32 -40.43 216.22 curveto
-36.54 215.12 -29.07 213.47 -24.43 212.87 curveto
-19.79 212.28 -10.4 211.2 -4.37 210.29 curveto
1.67 209.37 27.11 216.9 30.38 217.46 curveto
33.65 218.01 39.08 218.27 45.11 216.34 curveto
51.15 214.41 48.74 213.1 56.73 210.7 curveto
64.72 208.31 66.82 207.12 71.82 206.33 curveto
76.82 205.53 87.15 203.2 92.2 203.12 curveto
97.24 203.05 95.68 204.21 98.74 207.83 curveto
101.81 211.46 99.86 212.1 105.97 211.61 curveto
112.08 211.12 141.27 200.25 147.91 199.91 curveto
154.56 199.57 164.94 198.32 170.1 196.97 curveto
175.25 195.63 176.31 195.21 178.66 195.27 curveto
181.01 195.33 182.26 195.09 184.07 195.35 curveto
185.89 195.62 187.35 195.91 189.19 196.72 curveto
191.03 197.52 193.25 198.49 195.09 199.3 curveto
196.94 200.11 204.77 205.29 207.07 201.03 curveto
209.38 196.77 206.2 194.59 207.11 191.12 curveto
208.01 187.65 207.44 187.14 207.45 183.71 curveto
207.45 180.29 206.36 162.32 207.85 156.29 curveto
209.35 150.27 209.35 146.84 209.14 142.71 curveto
208.93 138.57 208.97 132.44 209.02 129.92 curveto
209.08 127.39 208.79 125.24 211.15 125.66 curveto
213.52 126.08 212.8 126.12 216.58 126.11 curveto
220.36 126.1 227.01 125.76 227.01 125.76 curveto
227.01 125.76 229.22 130.15 228.99 125.65 curveto
228.76 121.16 230.96 104.11 233.18 94.62 curveto
235.4 85.13 243.33 53.37 243.39 51.02 curveto
243.44 48.67 249.18 23.69 249.5 19.35 curveto
249.82 15 252.03 1.73 253.02 -3.54 curveto
254.02 -8.82 261.44 -29.21 260.36 -29.15 curveto
259.29 -29.1 259.92 -30.75 255.11 -29.79 curveto
250.29 -28.82 243.29 -28.28 241.5 -28.01 curveto
239.71 -27.74 236.11 -27.55 234.78 -28.93 curveto
233.45 -30.3 234.45 -31.97 234.48 -34.86 curveto
234.51 -37.74 235.01 -81.02 235.88 -85.03 curveto
236.76 -89.04 237.75 -90.72 237.68 -92.15 curveto
237.61 -93.59 238.53 -100.13 240.79 -105.29 curveto
243.05 -110.45 244.98 -111.45 245.99 -116.37 curveto
247 -121.29 252.73 -132.58 253.03 -137.28 curveto
253.33 -141.98 257.55 -151.03 257.6 -153.55 curveto
257.65 -156.08 262.34 -163.17 260.73 -166.33 curveto
259.13 -169.49 251.69 -166.95 251.53 -170.01 curveto
251.38 -173.06 253.68 -173.72 253.48 -177.68 curveto
253.28 -181.63 256.71 -195.68 258.1 -203.87 curveto
259.48 -212.05 266.71 -225.76 267.71 -230.85 curveto
268.71 -235.95 270.14 -236.21 270.45 -244.15 curveto
270.77 -252.1 272.22 -255.42 272.26 -258.12 curveto stroke
 0.6 0.4 0 0.1 setcmykcolor 0 0.84 dtransform truncate idtransform setlinewidth pop
newpath -271.57 244.62 moveto
-271.57 244.62 -251.27 239.8 -242.82 239.36 curveto
-234.37 238.93 -228.87 237.21 -222.78 236.54 curveto
-216.68 235.86 -211.96 233.1 -206.57 232.82 curveto
-201.17 232.55 -190.76 231.83 -185.89 231.76 curveto
-181.03 231.69 -160.31 231.54 -159.05 231.47 curveto
-157.79 231.41 -154.32 235.92 -151.81 235.61 curveto
-149.3 235.3 -149.3 235.3 -146.54 232.99 curveto
-143.77 230.69 -143.62 230.14 -141.68 229.32 curveto
-139.74 228.5 -135.78 228.3 -132.19 228.12 curveto
-128.59 227.93 -119.34 225.48 -114.62 226.14 curveto
-109.91 226.8 -82.4 221.97 -78.24 222.11 curveto
-74.09 222.26 -66.53 222.06 -57.96 220.54 curveto
-49.39 219.02 -44.43 217.32 -40.52 216.22 curveto
-36.61 215.12 -29.12 213.47 -24.47 212.87 curveto
-19.81 212.28 -10.41 211.2 -4.37 210.29 curveto
1.67 209.37 27.11 216.9 30.38 217.46 curveto
33.65 218.01 39.07 218.27 45.1 216.34 curveto
51.13 214.41 48.72 213.09 56.71 210.7 curveto
64.7 208.31 66.8 207.12 71.8 206.33 curveto
76.81 205.53 87.14 203.2 92.19 203.12 curveto
97.23 203.05 95.67 204.21 98.74 207.83 curveto
101.81 211.46 99.86 212.1 105.96 211.61 curveto
112.06 211.12 141.24 200.25 147.9 199.91 curveto
154.55 199.57 164.94 198.32 170.09 196.97 curveto
175.25 195.63 176.31 195.21 178.66 195.27 curveto
181.01 195.33 182.25 195.09 184.07 195.35 curveto
185.89 195.62 187.34 195.91 189.19 196.72 curveto
191.03 197.52 193.24 198.49 195.09 199.3 curveto
196.93 200.11 204.77 205.29 207.07 201.03 curveto
209.38 196.77 206.2 194.59 207.11 191.12 curveto
208.01 187.65 207.44 187.14 207.45 183.71 curveto
207.45 180.29 206.35 162.32 207.85 156.29 curveto
209.34 150.27 209.35 146.84 209.14 142.71 curveto
208.93 138.57 208.97 132.44 209.02 129.92 curveto
209.08 127.39 208.79 125.24 211.15 125.66 curveto
213.51 126.08 212.8 126.12 216.58 126.11 curveto
220.36 126.1 227.01 125.76 227.01 125.76 curveto
227.01 125.76 229.22 130.15 228.99 125.65 curveto
228.76 121.16 230.95 104.11 233.17 94.62 curveto
235.39 85.13 243.31 53.37 243.37 51.02 curveto
243.43 48.67 249.18 23.69 249.5 19.35 curveto
249.82 15 252.03 1.73 253.02 -3.54 curveto
254.01 -8.82 261.44 -29.21 260.36 -29.15 curveto
259.28 -29.1 259.92 -30.75 255.1 -29.79 curveto
250.29 -28.82 243.29 -28.28 241.5 -28.01 curveto
239.71 -27.74 236.11 -27.55 234.78 -28.93 curveto
233.45 -30.3 234.45 -31.97 234.48 -34.86 curveto
234.51 -37.74 235 -81.02 235.88 -85.03 curveto
236.75 -89.04 237.75 -90.72 237.67 -92.15 curveto
237.6 -93.59 238.53 -100.13 240.79 -105.29 curveto
243.05 -110.45 244.98 -111.45 245.99 -116.37 curveto
247 -121.29 252.73 -132.58 253.03 -137.28 curveto
253.33 -141.98 257.55 -151.03 257.6 -153.55 curveto
257.65 -156.08 262.34 -163.17 260.73 -166.33 curveto
259.13 -169.49 251.69 -166.95 251.53 -170.01 curveto
251.38 -173.06 253.68 -173.72 253.48 -177.68 curveto
253.28 -181.63 256.71 -195.68 258.09 -203.87 curveto
259.48 -212.05 266.71 -225.75 267.71 -230.85 curveto
268.71 -235.95 270.14 -236.2 270.45 -244.15 curveto
270.77 -252.1 272.22 -255.42 272.26 -258.12 curveto stroke
 0 0.9 0.9 0.2 setcmykcolor
newpath -271.57 244.62 moveto
-271.57 244.62 -251.27 239.8 -242.82 239.36 curveto
-234.37 238.93 -228.87 237.21 -222.78 236.54 curveto
-216.68 235.86 -211.96 233.1 -206.56 232.82 curveto
-201.17 232.55 -190.75 231.83 -185.89 231.77 curveto
-181.03 231.7 -160.31 231.54 -159.05 231.47 curveto
-157.79 231.41 -154.32 235.92 -151.81 235.61 curveto
-149.3 235.3 -149.3 235.3 -146.54 233 curveto
-143.77 230.69 -143.62 230.14 -141.68 229.32 curveto
-139.74 228.5 -135.78 228.3 -132.19 228.12 curveto
-128.59 227.93 -119.35 225.48 -114.63 226.14 curveto
-109.91 226.8 -82.4 221.97 -78.24 222.11 curveto
-74.09 222.26 -66.53 222.05 -57.96 220.53 curveto
-49.39 219.01 -44.43 217.32 -40.52 216.22 curveto
-36.61 215.12 -29.12 213.47 -24.47 212.87 curveto
-19.81 212.28 -10.41 211.2 -4.37 210.29 curveto
1.67 209.37 27.11 216.9 30.38 217.46 curveto
33.65 218.01 39.07 218.27 45.1 216.34 curveto
51.13 214.41 48.72 213.1 56.71 210.7 curveto
64.7 208.31 66.8 207.12 71.8 206.33 curveto
76.81 205.53 87.15 203.2 92.19 203.12 curveto
97.23 203.04 95.67 204.21 98.74 207.83 curveto
101.81 211.46 99.86 212.1 105.96 211.61 curveto
112.06 211.12 141.25 200.25 147.9 199.91 curveto
154.55 199.57 164.94 198.32 170.1 196.97 curveto
175.25 195.63 176.31 195.21 178.66 195.27 curveto
181.01 195.33 182.25 195.09 184.07 195.36 curveto
185.89 195.63 187.34 195.91 189.19 196.72 curveto
191.03 197.52 193.24 198.49 195.09 199.3 curveto
196.93 200.11 204.77 205.29 207.07 201.03 curveto
209.38 196.77 206.2 194.59 207.1 191.12 curveto
208.01 187.64 207.44 187.13 207.45 183.71 curveto
207.45 180.28 206.35 162.32 207.85 156.29 curveto
209.34 150.27 209.35 146.84 209.13 142.71 curveto
208.92 138.57 208.97 132.44 209.02 129.92 curveto
209.07 127.39 208.78 125.24 211.15 125.66 curveto
213.51 126.08 212.79 126.12 216.58 126.11 curveto
220.36 126.09 227.01 125.75 227.01 125.75 curveto
227.01 125.75 229.22 130.15 228.99 125.65 curveto
228.76 121.16 230.95 104.1 233.17 94.62 curveto
235.39 85.13 243.31 53.37 243.37 51.02 curveto
243.43 48.67 249.19 23.69 249.5 19.35 curveto
249.82 15 252.03 1.73 253.02 -3.54 curveto
254.01 -8.82 261.44 -29.21 260.36 -29.15 curveto
259.28 -29.1 259.92 -30.75 255.1 -29.78 curveto
250.29 -28.82 243.28 -28.28 241.5 -28.01 curveto
239.71 -27.74 236.11 -27.55 234.78 -28.93 curveto
233.45 -30.3 234.44 -31.97 234.48 -34.86 curveto
234.51 -37.74 235 -81.02 235.87 -85.03 curveto
236.75 -89.04 237.75 -90.72 237.67 -92.16 curveto
237.6 -93.59 238.53 -100.13 240.79 -105.29 curveto
243.05 -110.45 244.98 -111.45 245.99 -116.37 curveto
247 -121.29 252.73 -132.58 253.03 -137.28 curveto
253.33 -141.98 257.55 -151.03 257.6 -153.55 curveto
257.65 -156.08 262.34 -163.17 260.73 -166.33 curveto
259.13 -169.49 251.69 -166.95 251.53 -170.01 curveto
251.38 -173.06 253.69 -173.72 253.48 -177.68 curveto
253.28 -181.63 256.71 -195.68 258.09 -203.87 curveto
259.48 -212.05 266.71 -225.75 267.71 -230.85 curveto
268.71 -235.95 270.14 -236.2 270.45 -244.15 curveto
270.77 -252.1 272.22 -255.41 272.26 -258.12 curveto stroke
 0 0 0 1 setcmykcolor 0 1.2 dtransform truncate idtransform setlinewidth pop
newpath 282.71 -258.12 moveto
282.8 -256.5 281.85 -253.93 281.28 -250.83 curveto
280.72 -247.74 274.51 -231.74 273.98 -228.11 curveto
273.44 -224.48 269.64 -217.79 268.91 -214.51 curveto
268.17 -211.23 267.11 -207.39 266.63 -202.68 curveto
266.15 -197.97 261.26 -180.6 261.06 -177.52 curveto
260.86 -174.45 261.41 -174.12 263.25 -173.49 curveto
265.08 -172.86 267.58 -173.35 269.22 -173.07 curveto
270.85 -172.8 269.73 -170.04 269.18 -166.76 curveto
268.63 -163.49 266.31 -159.41 265.31 -154.31 curveto
264.31 -149.21 260.86 -135.7 260.72 -131.36 curveto
260.58 -127.03 254.82 -119.89 254.25 -113.37 curveto
253.68 -106.85 251.01 -92.3 250.61 -89.57 curveto
250.21 -86.85 247.78 -53.2 248.07 -51.05 curveto
248.36 -48.91 246.01 -45.54 244.24 -41.31 curveto
242.48 -37.07 249.87 -40.51 252.39 -40.64 curveto
254.9 -40.77 260.65 -41.24 262.08 -41.32 curveto
263.52 -41.39 266.51 -39.38 268.39 -37.86 curveto
270.27 -36.33 269.03 -32.3 269.15 -29.96 curveto
269.27 -27.63 269.38 -15.01 269.61 -10.52 curveto
269.84 -6.03 264.33 13.18 264.48 16.06 curveto
264.62 18.93 260.03 20.79 260.29 25.82 curveto
260.55 30.86 255.11 37.26 254.39 44.33 curveto
253.68 51.4 250.23 64.91 248.83 69.31 curveto
247.43 73.7 239.16 109.45 238.55 115.07 curveto
237.93 120.69 234.21 129.17 234.15 131.34 curveto
234.08 133.51 232.48 133.95 231.63 135.07 curveto
230.79 136.2 226.82 136.04 226.1 136.07 curveto
225.38 136.11 221.89 134.85 219.18 134.63 curveto
216.46 134.4 216.44 137.47 216.56 139.81 curveto
216.68 142.14 218.47 152.51 218.58 154.48 curveto
218.68 156.46 220.54 182.5 220.68 185.2 curveto
220.82 187.89 219.27 196.44 219.77 199.12 curveto
220.27 201.8 219.44 206.71 218.46 208.74 curveto
217.49 210.77 217.87 218.32 209.6 215.14 curveto
206.68 214.02 200.95 211.62 199.3 211.16 curveto
197.66 210.7 195.67 210.62 191.65 209.57 curveto
187.63 208.51 183.48 208.36 182.02 208.08 curveto
180.56 207.79 174.3 208.65 170.71 208.84 curveto
167.11 209.02 163.72 209.55 159.41 209.78 curveto
155.09 210 153.99 209.51 149.84 209.36 curveto
145.69 209.22 146.79 209.7 137.12 210.74 curveto
127.44 211.77 94.3 219.78 89.47 220.38 curveto
84.63 220.99 86.48 221.98 80.82 223.89 curveto
75.15 225.8 73.42 227.15 67.22 229.09 curveto
61.01 231.03 32.77 228.87 28.28 229.1 curveto
23.79 229.33 22.11 228.33 19.22 228.12 curveto
16.33 227.91 12.68 227.01 10.43 225.33 curveto
8.18 223.64 5.92 221.77 4.4 220.23 curveto
2.87 218.69 -15.08 219.79 -19.58 219.84 curveto
-24.07 219.89 -25.46 220.86 -30.73 223.11 curveto
-36.01 225.36 -45.16 225.47 -51.01 227.22 curveto
-56.85 228.96 -60.48 228.42 -65.11 229.56 curveto
-69.73 230.7 -76.4 230.86 -78.72 231.34 curveto
-81.04 231.82 -109.12 234.68 -115.32 237.17 curveto
-121.5 239.64 -142.28 241.43 -146.25 241.63 curveto
-150.22 241.83 -152.36 242.3 -158.62 242.63 curveto
-164.86 242.95 -166 241.57 -171.34 241.66 curveto
-176.68 241.76 -186.97 240.85 -194.96 241.25 curveto
-202.99 241.66 -201.71 241.59 -207.7 241.89 curveto
-213.58 242.19 -217.9 245.49 -223.63 247.06 curveto
-229.32 248.62 -267.12 254.59 -267.12 254.59 curveto stroke
 0.6 0.4 0 0.1 setcmykcolor 0 0.84 dtransform truncate idtransform setlinewidth pop
newpath 282.71 -258.12 moveto
282.8 -256.5 281.85 -253.93 281.28 -250.83 curveto
280.72 -247.74 274.51 -231.74 273.98 -228.11 curveto
273.44 -224.48 269.64 -217.79 268.9 -214.51 curveto
268.17 -211.23 267.1 -207.39 266.62 -202.68 curveto
266.14 -197.97 261.26 -180.6 261.06 -177.52 curveto
260.86 -174.45 261.41 -174.12 263.25 -173.49 curveto
265.08 -172.86 267.58 -173.35 269.22 -173.07 curveto
270.85 -172.8 269.73 -170.04 269.18 -166.76 curveto
268.63 -163.49 266.31 -159.41 265.31 -154.31 curveto
264.31 -149.21 260.86 -135.7 260.72 -131.36 curveto
260.58 -127.03 254.82 -119.89 254.25 -113.37 curveto
253.68 -106.85 251 -92.3 250.6 -89.57 curveto
250.2 -86.85 247.78 -53.2 248.07 -51.05 curveto
248.36 -48.91 246.01 -45.54 244.24 -41.31 curveto
242.48 -37.07 249.87 -40.51 252.39 -40.64 curveto
254.9 -40.77 260.65 -41.24 262.08 -41.32 curveto
263.52 -41.39 266.51 -39.38 268.39 -37.86 curveto
270.27 -36.33 269.03 -32.3 269.15 -29.96 curveto
269.27 -27.63 269.38 -15.01 269.61 -10.52 curveto
269.83 -6.03 264.33 13.18 264.47 16.06 curveto
264.62 18.93 260.03 20.79 260.29 25.82 curveto
260.55 30.86 255.11 37.26 254.39 44.33 curveto
253.67 51.4 250.21 64.91 248.81 69.31 curveto
247.42 73.7 239.15 109.45 238.54 115.07 curveto
237.93 120.69 234.21 129.17 234.14 131.34 curveto
234.07 133.51 232.48 133.95 231.63 135.07 curveto
230.79 136.2 226.82 136.04 226.1 136.07 curveto
225.38 136.11 221.89 134.85 219.18 134.63 curveto
216.46 134.4 216.44 137.47 216.56 139.81 curveto
216.68 142.14 218.47 152.51 218.57 154.48 curveto
218.67 156.46 220.54 182.5 220.68 185.2 curveto
220.82 187.89 219.27 196.44 219.77 199.12 curveto
220.27 201.8 219.44 206.71 218.46 208.74 curveto
217.48 210.77 217.87 218.32 209.6 215.14 curveto
206.68 214.02 200.94 211.62 199.3 211.16 curveto
197.65 210.7 195.67 210.62 191.65 209.57 curveto
187.63 208.51 183.47 208.36 182.02 208.08 curveto
180.56 207.79 174.3 208.65 170.7 208.84 curveto
167.11 209.02 163.71 209.55 159.39 209.78 curveto
155.08 210 153.97 209.51 149.82 209.36 curveto
145.67 209.22 146.77 209.7 137.09 210.74 curveto
127.41 211.77 94.3 219.78 89.46 220.38 curveto
84.63 220.99 86.48 221.98 80.81 223.89 curveto
75.14 225.8 73.41 227.15 67.2 229.09 curveto
60.99 231.03 32.76 228.87 28.27 229.1 curveto
23.78 229.33 22.1 228.33 19.21 228.12 curveto
16.31 227.91 12.66 227.01 10.41 225.33 curveto
8.17 223.64 5.91 221.77 4.39 220.23 curveto
2.87 218.69 -15.1 219.78 -19.61 219.84 curveto
-24.11 219.89 -25.5 220.86 -30.79 223.11 curveto
-36.08 225.36 -45.27 225.47 -51.13 227.21 curveto
-56.99 228.96 -60.62 228.42 -65.25 229.56 curveto
-69.87 230.7 -76.54 230.86 -78.85 231.34 curveto
-81.17 231.82 -109.14 234.69 -115.32 237.17 curveto
-121.5 239.65 -142.32 241.43 -146.27 241.63 curveto
-150.23 241.83 -152.37 242.3 -158.66 242.63 curveto
-164.95 242.95 -166.1 241.57 -171.51 241.66 curveto
-176.91 241.76 -187.23 240.84 -195.14 241.25 curveto
-203.05 241.65 -201.79 241.59 -207.73 241.89 curveto
-213.66 242.2 -218.17 245.49 -224.22 247.06 curveto
-230.27 248.63 -268.84 255.65 -268.84 255.65 curveto stroke
 0 0.9 0.9 0.2 setcmykcolor
newpath 282.71 -258.11 moveto
282.8 -256.5 281.85 -253.92 281.28 -250.83 curveto
280.72 -247.74 274.51 -231.74 273.98 -228.11 curveto
273.44 -224.48 269.64 -217.79 268.9 -214.51 curveto
268.17 -211.23 267.1 -207.39 266.62 -202.68 curveto
266.14 -197.97 261.27 -180.6 261.06 -177.52 curveto
260.86 -174.45 261.42 -174.12 263.25 -173.49 curveto
265.09 -172.86 267.58 -173.35 269.22 -173.07 curveto
270.86 -172.8 269.74 -170.04 269.18 -166.76 curveto
268.63 -163.49 266.31 -159.41 265.31 -154.31 curveto
264.31 -149.21 260.86 -135.7 260.72 -131.36 curveto
260.58 -127.03 254.82 -119.89 254.25 -113.37 curveto
253.68 -106.85 251 -92.3 250.6 -89.57 curveto
250.2 -86.85 247.78 -53.2 248.07 -51.05 curveto
248.36 -48.91 246.01 -45.54 244.24 -41.31 curveto
242.47 -37.07 249.87 -40.51 252.38 -40.64 curveto
254.9 -40.77 260.64 -41.24 262.08 -41.32 curveto
263.52 -41.39 266.51 -39.38 268.39 -37.85 curveto
270.27 -36.33 269.03 -32.3 269.15 -29.96 curveto
269.27 -27.63 269.38 -15.01 269.61 -10.52 curveto
269.84 -6.03 264.33 13.18 264.48 16.06 curveto
264.62 18.93 260.03 20.79 260.29 25.82 curveto
260.55 30.86 255.11 37.26 254.39 44.33 curveto
253.67 51.39 250.21 64.91 248.82 69.31 curveto
247.42 73.7 239.15 109.45 238.54 115.07 curveto
237.93 120.69 234.22 129.17 234.15 131.34 curveto
234.08 133.5 232.48 133.94 231.63 135.07 curveto
230.79 136.19 226.82 136.04 226.1 136.07 curveto
225.38 136.11 221.89 134.85 219.17 134.63 curveto
216.46 134.4 216.44 137.47 216.56 139.81 curveto
216.67 142.14 218.47 152.5 218.57 154.48 curveto
218.67 156.46 220.54 182.5 220.68 185.19 curveto
220.82 187.89 219.27 196.44 219.77 199.12 curveto
220.27 201.8 219.44 206.71 218.46 208.74 curveto
217.48 210.77 217.87 218.32 209.59 215.14 curveto
206.68 214.02 200.94 211.62 199.3 211.16 curveto
197.65 210.7 195.67 210.63 191.65 209.57 curveto
187.63 208.51 183.47 208.37 182.02 208.08 curveto
180.56 207.79 174.3 208.65 170.7 208.84 curveto
167.11 209.02 163.71 209.56 159.4 209.78 curveto
155.08 210 153.97 209.51 149.82 209.37 curveto
145.67 209.22 146.78 209.7 137.1 210.74 curveto
127.42 211.77 94.3 219.78 89.47 220.38 curveto
84.63 220.99 86.48 221.98 80.81 223.89 curveto
75.14 225.8 73.41 227.15 67.2 229.09 curveto
60.99 231.03 32.77 228.87 28.27 229.1 curveto
23.78 229.33 22.1 228.33 19.21 228.12 curveto
16.31 227.91 12.66 227.02 10.42 225.33 curveto
8.17 223.64 5.91 221.77 4.39 220.23 curveto
2.87 218.69 -15.1 219.78 -19.6 219.83 curveto
-24.11 219.88 -25.5 220.86 -30.79 223.11 curveto
-36.08 225.36 -45.27 225.47 -51.13 227.21 curveto
-56.99 228.96 -60.62 228.42 -65.25 229.56 curveto
-69.88 230.7 -76.54 230.86 -78.85 231.34 curveto
-81.17 231.82 -109.14 234.69 -115.32 237.17 curveto
-121.51 239.65 -142.32 241.43 -146.28 241.63 curveto
-150.23 241.84 -152.37 242.31 -158.66 242.63 curveto
-164.95 242.95 -166.11 241.57 -171.51 241.66 curveto
-176.91 241.76 -187.23 240.85 -195.14 241.25 curveto
-203.05 241.65 -201.79 241.59 -207.72 241.89 curveto
-213.66 242.2 -218.17 245.49 -224.22 247.06 curveto
-230.27 248.63 -268.84 255.65 -268.84 255.65 curveto stroke
-1 THsetalpha
 0 0 0.10417 0.04 setcmykcolor
newpath -149.41002 240.13 moveto
-149.41002 240.84612 -149.69453 241.5328 -150.20087 242.03914 curveto
-150.7072 242.54547 -151.39389 242.82999 -152.11 242.82999 curveto
-152.82611 242.82999 -153.5128 242.54547 -154.01913 242.03914 curveto
-154.52547 241.5328 -154.80998 240.84612 -154.80998 240.13 curveto
-154.80998 239.4139 -154.52547 238.7272 -154.01913 238.22087 curveto
-153.5128 237.71454 -152.82611 237.43002 -152.11 237.43002 curveto
-151.39389 237.43002 -150.7072 237.71454 -150.20087 238.22087 curveto
-149.69453 238.7272 -149.41002 239.4139 -149.41002 240.13 curveto closepath fill
 0 0 0 1 setcmykcolor 0 0.6 dtransform truncate idtransform setlinewidth pop
newpath -149.41002 240.13 moveto
-149.41002 240.84612 -149.69453 241.5328 -150.20087 242.03914 curveto
-150.7072 242.54547 -151.39389 242.82999 -152.11 242.82999 curveto
-152.82611 242.82999 -153.5128 242.54547 -154.01913 242.03914 curveto
-154.52547 241.5328 -154.80998 240.84612 -154.80998 240.13 curveto
-154.80998 239.4139 -154.52547 238.7272 -154.01913 238.22087 curveto
-153.5128 237.71454 -152.82611 237.43002 -152.11 237.43002 curveto
-151.39389 237.43002 -150.7072 237.71454 -150.20087 238.22087 curveto
-149.69453 238.7272 -149.41002 239.4139 -149.41002 240.13 curveto closepath stroke
newpath -150.30998 240.13 moveto
-150.30998 240.60742 -150.49966 241.06523 -150.83722 241.40279 curveto
-151.17477 241.74034 -151.63258 241.93002 -152.11 241.93002 curveto
-152.58742 241.93002 -153.04523 241.74034 -153.38278 241.40279 curveto
-153.72034 241.06523 -153.91002 240.60742 -153.91002 240.13 curveto
-153.91002 239.65259 -153.72034 239.19478 -153.38278 238.85722 curveto
-153.04523 238.51967 -152.58742 238.32999 -152.11 238.32999 curveto
-151.63258 238.32999 -151.17477 238.51967 -150.83722 238.85722 curveto
-150.49966 239.19478 -150.30998 239.65259 -150.30998 240.13 curveto closepath fill
 0 1.99252 dtransform truncate idtransform setlinewidth pop
newpath -152.11 240.13 moveto 0 0 rlineto stroke
 0.6 0.4 0 0.1 setcmykcolor
newpath -152.12 240.13 moveto 0 0 rlineto stroke
 0 0.9 0.9 0.2 setcmykcolor
newpath -152.12 240.13 moveto 0 0 rlineto stroke
 0 0 0 1 setcmykcolor 0 0.6 dtransform truncate idtransform setlinewidth pop
newpath 251.23 14.13997 moveto
263.23 14.13997 lineto stroke
newpath 253.62996 14.13997 moveto
254.85329 10.77895 259.6067 10.77895 260.83003 14.13997 curveto stroke
 0 1.99252 dtransform truncate idtransform setlinewidth pop
newpath 257.23 11.74 moveto 0 0 rlineto stroke
 0.6 0.4 0 0.1 setcmykcolor
newpath 257.22 11.74 moveto 0 0 rlineto stroke
 0 0.9 0.9 0.2 setcmykcolor
newpath 257.23 11.74 moveto 0 0 rlineto stroke
 0 0 0 1 setcmykcolor 0 3.98505 dtransform truncate idtransform setlinewidth pop
newpath -270.96 245.67 moveto 0 0 rlineto stroke
newpath -266.49 245.72 moveto 0 0 rlineto stroke
 0 0.84 dtransform truncate idtransform setlinewidth pop
newpath -270.96 245.67 moveto
-266.49 245.72 lineto stroke
 1 0.85 0 setrgbcolor 0 3.98505 dtransform truncate idtransform setlinewidth pop
newpath -270.96 245.67 moveto 0 0 rlineto stroke
newpath -271.57 244.62 moveto 0 0 rlineto stroke
 0 0.84 dtransform truncate idtransform setlinewidth pop
newpath -270.96 245.67 moveto
-270.96 245.67 lineto
-271.57 244.62 lineto
-266.49 245.72 lineto stroke
showpage
%%EOF
