%!PS
%%BoundingBox: -86 -221 87 219 
%%HiResBoundingBox: -85.56444 -220.24577 86.44 218.64 
%%Creator: MetaPost 2.11
%%CreationDate: 2025.10.14:2236
%%Pages: 1
%%BeginProlog
%%EndProlog
%%Page: 1 1
 0 0.42001 dtransform truncate idtransform setlinewidth pop [] 0 setdash
 1 setlinecap 1 setlinejoin 10 setmiterlimit
newpath -71.93 215.68 moveto
-71.93 215.68 -70.59 215.55 -70.68 214.56 curveto
-70.83 212.76 -76.86 208.12 -79.28 206.76 curveto
-81.78 205.35 -86.5 203.11 -85.1 199.5 curveto
-83.64 195.72 -66.71 153.54 -66.75 152.83 curveto
-66.78 152.12 -64.45 148.42 -67.86 148.57 curveto
-71.28 148.73 -80.1 148.85 -80.22 146.53 curveto
-80.34 144.19 -79.46 143.78 -79.21 141.6 curveto
-78.96 139.41 -72.57 91.7 -72.23 87.9 curveto
-71.88 84.09 -62.25 32.61 -61.39 28.42 curveto
-60.52 24.23 -54.6 9.51 -53.95 8.21 curveto
-53.3 6.92 -42.16 -42.96 -41.11 -50.59 curveto
-40.06 -58.22 -21.58 -130.47 -19.49 -139.04 curveto
-17.41 -147.61 -10.83 -177.65 -10.48 -181.46 curveto
-10.14 -185.26 -14.64 -192.24 -14.63 -195.49 curveto
-14.61 -198.74 -23.09 -198.85 -19.82 -205.32 curveto
-16.54 -211.8 -17.07 -215.02 -13.96 -217.7 curveto
-10.85 -220.38 -6.89 -220.4 -3.24 -219.51 curveto
0.42 -218.61 4.2 -218.62 6.39 -218.01 curveto
8.59 -217.4 11.68 -216.84 15.3 -216.48 curveto
18.93 -216.13 23.63 -215.83 27.6 -215.67 curveto
31.57 -215.52 39.51 -215.38 44.42 -214.55 curveto
49.33 -213.72 59.47 -212.8 61.65 -208.94 curveto
63.83 -205.09 62.22 -201.4 65.26 -198.31 curveto
68.3 -195.22 69.11 -197.07 72.38 -196.52 curveto
75.65 -195.97 82.18 -195.22 86.23 -193.45 curveto stroke
newpath 83.28 -191.31 moveto
83.28 -191.31 79.75 -193.29 70.77 -192.83 curveto
61.78 -192.36 64.07 -193.38 58.67 -189.68 curveto
53.27 -185.98 52.62 -184.69 52.74 -182.17 curveto
52.87 -179.65 54.86 -175.97 54.86 -175.97 curveto
54.86 -175.97 55.88 -163.05 50.45 -163.49 curveto
45.02 -163.93 37.15 -166.42 35.96 -168.52 curveto
34.77 -170.62 36.33 -175.38 36.33 -175.38 curveto stroke
newpath 36.33 -175.38 moveto
36.33 -175.38 40.02 -184.22 37.57 -186.44 curveto
35.11 -188.66 33.24 -193.61 27.61 -194.4 curveto
21.98 -195.2 17.07 -196.02 16.2 -195.44 curveto
15.33 -194.85 17.14 -198.19 13.22 -190.24 curveto
9.3 -182.29 9 -181.19 8.38 -179.18 curveto
7.76 -177.16 9.18 -181.2 6.82 -174.41 curveto
4.46 -167.63 6.27 -156.91 0.62 -147.62 curveto
-5.04 -138.33 -4.58 -139.97 -6.15 -135.39 curveto
-7.72 -130.81 -48.68 9.02 -49.68 10.7 curveto
-50.67 12.37 -52.01 24.87 -54.02 27.86 curveto
-56.03 30.85 -58.02 37.97 -57.83 41.73 curveto
-57.63 45.49 -60.81 85.51 -61.86 89.71 curveto
-62.91 93.91 -63.62 94.12 -64.01 97.01 curveto
-64.41 99.9 -71.58 135.93 -71.07 138.8 curveto
-70.56 141.67 -67.56 147.31 -64.76 145.73 curveto
-61.96 144.15 -63.05 144.01 -62.78 138.91 curveto
-62.5 133.82 -56.9 113.11 -56.9 113.11 curveto stroke
newpath -54.16 113.86 moveto
-54.16 113.86 -54.64 122.16 -55.33 129.61 curveto
-56.03 137.09 -58.15 144.65 -58.02 147.18 curveto
-57.89 149.69 -56.68 151.96 -59.3 157.61 curveto
-61.9 163.21 -63.43 173.58 -65.94 177.4 curveto
-68.47 181.23 -70.62 185.28 -71.27 190.17 curveto
-71.93 195.09 -72.53 193.54 -71.82 197.4 curveto
-71.13 201.15 -68.95 212.47 -66.21 214.26 curveto
-64.16 215.6 -63.07 215.89 -64.22 218.43 curveto stroke
showpage
%%EOF
