%!PS
%%BoundingBox: -770 -239 762 227 
%%HiResBoundingBox: -769.88 -238.31999 761.37292 226.0971 
%%Creator: MetaPost 2.11
%%CreationDate: 2025.10.14:2236
%%Pages: 1
%%BeginProlog
%%EndProlog
%%Page: 1 1
 0 0 0 1 setcmykcolor 0 0.6 dtransform truncate idtransform setlinewidth pop
 [] 0 setdash 1 setlinecap 1 setlinejoin 10 setmiterlimit
newpath 680.14993 168.86996 moveto
680.14993 170.47006 682.55008 170.47006 682.55008 168.86996 curveto
682.55008 167.75298 681.35 166.98695 681.35 165.86996 curveto stroke
 0 1.44 dtransform truncate idtransform setlinewidth pop
newpath 681.35 164.07004 moveto 0 0 rlineto stroke
 0 1.99252 dtransform truncate idtransform setlinewidth pop
newpath 681.35 166.47 moveto 0 0 rlineto stroke
 0.6 0.4 0 0.1 setcmykcolor
newpath 668.9 165.65 moveto 0 0 rlineto stroke
 0 0.9 0.9 0.2 setcmykcolor
newpath 669.97 167.46 moveto 0 0 rlineto stroke
 0 0 0 1 setcmykcolor 0 1.2 dtransform truncate idtransform setlinewidth pop
newpath 556 154.57 moveto
557.64 166.25 573.94 151.84 582.98 143.56 curveto
584.03 142.59 583.92 140.76 583.56 139.43 curveto
581.95 133.55 578.7 129.22 571.48 129.86 curveto
566.46 130.3 553.73 138.73 556 154.57 curveto closepath stroke
 0.6 0.4 0 0.1 setcmykcolor 0 0.84 dtransform truncate idtransform setlinewidth pop
newpath 555.64 154.55 moveto
557.28 166.23 573.81 151.83 582.35 143.51 curveto
583.35 142.55 583.19 140.71 582.79 139.38 curveto
581.05 133.49 577.76 129.16 570.61 129.8 curveto
565.61 130.25 553.01 138.68 555.64 154.55 curveto closepath stroke
 0 0.9 0.9 0.2 setcmykcolor
newpath 556.64 154.76 moveto
558.18 166.41 574.75 152.27 583.24 144.15 curveto
584.23 143.2 584.09 141.39 583.71 140.07 curveto
582.06 134.23 578.85 129.88 571.77 130.37 curveto
566.8 130.71 554.15 138.93 556.64 154.76 curveto closepath stroke
 0 0 0 1 setcmykcolor 0 1.2 dtransform truncate idtransform setlinewidth pop
newpath 704.74 170.7 moveto
669.7 175.93 666.68 176.44 630.83 179.25 curveto
603.53 181.39 607.7 175.96 580.19 173.42 curveto
574.56 172.9 569 175.01 563.38 174.78 curveto
562.54 174.74 554.9 168.63 553.27 160.44 curveto stroke
 0.6 0.4 0 0.1 setcmykcolor 0 0.84 dtransform truncate idtransform setlinewidth pop
newpath 692.02 169.1 moveto
660.12 174.97 657.75 175.99 628.01 179.05 curveto
603.41 181.57 607.48 175.97 579.77 173.39 curveto
574.2 172.89 568.58 174.98 562.93 174.75 curveto
562.07 174.71 554.43 168.6 552.83 160.41 curveto stroke
 0 0.9 0.9 0.2 setcmykcolor
newpath 693 171.28 moveto
661.04 176.62 658.65 177.59 628.9 180.16 curveto
604.32 182.27 608.45 176.74 580.62 173.85 curveto
575.02 173.27 569.37 175.24 563.74 174.95 curveto
562.89 174.9 555.32 168.75 553.79 160.58 curveto stroke
 0 0 0 1 setcmykcolor 0 1.2 dtransform truncate idtransform setlinewidth pop
newpath 594.73 107.6 moveto
590.38 114.07 586.46 112.2 583.38 124.33 curveto
582.56 127.6 586.57 137.11 592.47 135.29 curveto
603.03 132.03 617.22 112.44 620.83 107.33 curveto
622.9 104.4 629.96 82.72 621.16 82.34 curveto
603.84 81.6 601.39 97.68 594.73 107.6 curveto closepath stroke
 0.6 0.4 0 0.1 setcmykcolor 0 0.84 dtransform truncate idtransform setlinewidth pop
newpath 593.71 107.54 moveto
589.28 114 585.33 112.12 582.32 124.26 curveto
581.51 127.53 585.66 137.04 591.4 135.22 curveto
601.75 131.93 616.82 112.44 620.56 107.31 curveto
622.69 104.42 629.81 82.71 621.03 82.33 curveto
603.26 81.56 600.57 97.62 593.71 107.54 curveto closepath stroke
 0 0.9 0.9 0.2 setcmykcolor
newpath 594.71 108.73 moveto
590.32 115.06 586.43 113.14 583.39 125.11 curveto
582.57 128.33 586.56 137.79 592.24 136.05 curveto
602.47 132.9 617.51 113.81 621.21 108.77 curveto
623.31 105.9 630.55 84.32 621.81 83.88 curveto
604.18 83 601.47 98.97 594.71 108.73 curveto closepath stroke
 0 0 0 1 setcmykcolor 0 1.2 dtransform truncate idtransform setlinewidth pop
newpath 637.48 17.48 moveto
655.9 -11.98 652.96 -31.05 645.56 -61.18 curveto
642.42 -73.98 625.03 -73.26 618.21 -81.16 curveto
615.06 -84.82 618.23 -92.16 614.39 -95.11 curveto
604.72 -102.54 592.35 -105.39 581.07 -109.74 curveto
578.36 -110.78 575.41 -111.48 572.52 -111.31 curveto
566.55 -110.95 560.73 -107.03 554.84 -108.15 curveto
538.26 -111.32 523.09 -119.84 506.66 -123.86 curveto
497.09 -126.21 486.92 -125.3 477.29 -127.28 curveto
470.84 -128.62 464.92 -135.46 458.9 -133.44 curveto
453.74 -131.7 454.36 -123.32 451.19 -118.82 curveto
440.42 -103.57 428.42 -89.14 417.04 -74.35 curveto
385.86 -33.86 371.21 -35.73 360.02 -7.75 curveto
357.75 -2.09 370.92 3.1 373.71 6.34 curveto
374.99 7.83 375.05 10.95 373.56 12.24 curveto
367.83 17.17 359.75 18.76 353.9 23.46 curveto
351.2 25.62 350.9 29.83 348.5 32.3 curveto
343.7 37.23 333.3 37.97 327.64 36.98 curveto
309.15 33.72 291.3 27.26 272.75 24.2 curveto
266.92 23.24 260.97 25.35 255.1 24.85 curveto
241.14 23.68 229.22 21.41 217.38 13.84 curveto
212.15 10.49 206.65 7.04 202.91 2.05 curveto
196.19 -6.92 192.82 -18.06 186.36 -27.23 curveto
184.86 -29.37 182.25 -30.99 179.64 -31.44 curveto
177.2 -31.85 174.36 -31.2 172.6 -29.68 curveto
162.63 -21.08 150.94 2.5 132.74 -1.54 curveto
128.15 -2.56 127.69 -7.83 128.48 -11.48 curveto
132.9 -31.79 144.79 -42.12 120.77 -56.7 curveto
110.95 -62.66 100.42 -42.47 99.11 -40.75 curveto stroke
 0.6 0.4 0 0.1 setcmykcolor 0 0.84 dtransform truncate idtransform setlinewidth pop
newpath 637.16 17.45 moveto
655.5 -12.01 652.46 -31.07 645.09 -61.22 curveto
641.86 -74.01 624.51 -73.31 617.72 -81.22 curveto
614.59 -84.86 617.82 -92.2 614.01 -95.15 curveto
604.42 -102.58 592.06 -105.42 580.78 -109.77 curveto
578.08 -110.82 575.13 -111.52 572.24 -111.34 curveto
566.26 -110.98 560.42 -107.07 554.55 -108.19 curveto
537.99 -111.36 522.85 -119.88 506.44 -123.9 curveto
496.93 -126.24 486.8 -125.32 477.21 -127.3 curveto
470.77 -128.63 464.86 -135.51 458.84 -133.45 curveto
453.64 -131.77 454.21 -123.36 451.03 -118.85 curveto
440.23 -103.61 428.39 -89.13 416.98 -74.36 curveto
385.67 -33.84 371.1 -35.73 359.95 -7.75 curveto
357.69 -2.09 370.8 3.1 373.57 6.35 curveto
374.85 7.84 374.9 10.96 373.42 12.24 curveto
367.72 17.18 359.7 18.77 353.84 23.47 curveto
351.12 25.64 350.78 29.85 348.35 32.32 curveto
343.49 37.25 333.07 38 327.39 37.02 curveto
308.85 33.78 290.95 27.36 272.34 24.34 curveto
266.5 23.39 260.49 25.53 254.59 25.07 curveto
240.55 23.96 228.56 21.77 216.69 14.27 curveto
211.43 10.95 205.88 7.56 202.14 2.59 curveto
195.4 -6.35 192.08 -17.51 185.79 -26.79 curveto
184.32 -28.96 181.83 -30.67 179.26 -31.13 curveto
176.84 -31.56 173.96 -30.89 172.1 -29.26 curveto
161.22 -19.79 148.11 5.23 128.33 3.26 curveto
123.31 2.76 122.5 -2.04 123.3 -5.59 curveto
127.96 -26.32 141.9 -39.05 114.78 -50.26 curveto
103.66 -54.91 91.89 -29.77 90.62 -27.9 curveto stroke
 0 0.9 0.9 0.2 setcmykcolor
newpath 638.14 19.94 moveto
656.09 -9.03 653.05 -27.95 645.62 -58.21 curveto
642.46 -71.08 625.12 -70.5 618.37 -78.49 curveto
615.26 -82.17 618.55 -89.52 614.76 -92.5 curveto
605.21 -100.03 592.81 -103.01 581.53 -107.52 curveto
578.82 -108.6 575.86 -109.35 572.95 -109.22 curveto
566.94 -108.95 561.03 -105.11 555.14 -106.33 curveto
538.57 -109.76 523.51 -118.56 507.15 -122.87 curveto
497.67 -125.36 487.57 -124.57 477.98 -126.64 curveto
471.47 -128.04 465.52 -135.04 459.12 -133.2 curveto
453.83 -131.69 454.23 -123.28 450.94 -118.87 curveto
439.83 -103.95 427.71 -89.79 416 -75.33 curveto
383.87 -35.6 369.38 -37.8 357.6 -10.19 curveto
355.22 -4.61 368.21 0.72 370.94 3.99 curveto
372.2 5.49 372.22 8.6 370.72 9.86 curveto
364.94 14.71 356.86 16.18 350.9 20.8 curveto
348.14 22.94 347.73 27.16 345.24 29.61 curveto
340.28 34.48 329.78 35.09 324.08 34.05 curveto
305.41 30.65 287.42 23.99 268.73 20.7 curveto
262.86 19.67 256.8 21.73 250.87 21.19 curveto
236.74 19.88 224.7 17.51 212.83 9.83 curveto
207.58 6.42 202.04 2.93 198.34 -2.12 curveto
191.68 -11.2 188.48 -22.43 182.27 -31.82 curveto
180.82 -34.01 178.33 -35.76 175.75 -36.27 curveto
173.33 -36.75 170.45 -36.12 168.58 -34.52 curveto
157.62 -25.16 144.29 -0.29 124.6 -2.46 curveto
119.61 -3.01 118.85 -7.82 119.68 -11.36 curveto
124.51 -32 138.53 -44.58 111.79 -55.88 curveto
100.89 -60.48 88.91 -35.72 87.63 -33.87 curveto stroke
 0 0 0 1 setcmykcolor 0 1.2 dtransform truncate idtransform setlinewidth pop
newpath 648.56 19.73 moveto
615.97 53.47 625.72 56.34 629.87 50.35 curveto
634.98 42.98 641.98 37.08 648.72 31.42 curveto
651.3 29.26 655.18 29.25 657.99 27.29 curveto
666.88 21.07 684.74 -3.91 683.94 -8.55 curveto
679.25 -35.72 656.59 4.38 648.56 19.73 curveto stroke
 0.6 0.4 0 0.1 setcmykcolor 0 0.84 dtransform truncate idtransform setlinewidth pop
newpath 648.37 19.72 moveto
615.76 53.46 625.73 56.37 629.85 50.35 curveto
634.86 43 641.79 37.07 648.65 31.42 curveto
651.26 29.27 655.16 29.26 657.94 27.28 curveto
666.83 21.07 684.5 -3.94 683.71 -8.56 curveto
679.12 -35.74 656.29 4.35 648.37 19.72 curveto stroke
 0 0.9 0.9 0.2 setcmykcolor
newpath 649.13 22.25 moveto
616.79 55.15 626.62 58.11 630.73 52.17 curveto
635.7 44.98 642.55 39.2 649.34 33.7 curveto
651.92 31.61 655.74 31.62 658.45 29.72 curveto
667.09 23.67 684.71 -0.99 683.96 -5.57 curveto
679.53 -32.49 656.85 7.16 649.13 22.25 curveto stroke
 0 0 0 1 setcmykcolor 0 1.2 dtransform truncate idtransform setlinewidth pop
newpath 553.27 160.44 moveto
537.98 127.02 583.19 111.53 594.54 92.48 curveto
595.17 91.43 593.02 90.14 591.8 90.06 curveto
582.06 89.44 572.23 90.94 562.46 90.48 curveto
557.47 90.25 558.38 83.69 561.51 81.36 curveto
565.5 78.39 570.66 77.28 575.53 76.42 curveto
590.99 73.68 605.29 60.6 637.48 17.48 curveto stroke
 0.6 0.4 0 0.1 setcmykcolor 0 0.84 dtransform truncate idtransform setlinewidth pop
newpath 552.83 160.41 moveto
536.91 126.95 582.08 111.45 593.68 92.42 curveto
594.32 91.37 592.16 90.08 590.93 90 curveto
581.08 89.37 571.18 90.86 561.36 90.4 curveto
556.35 90.17 557.29 83.62 560.44 81.29 curveto
564.46 78.32 569.67 77.22 574.58 76.35 curveto
590.25 73.64 604.85 60.57 637.16 17.45 curveto stroke
 0 0.9 0.9 0.2 setcmykcolor
newpath 553.79 160.58 moveto
538.2 127.13 583.23 112.42 594.68 93.72 curveto
595.31 92.69 593.18 91.38 591.97 91.28 curveto
582.26 90.54 572.47 91.87 562.75 91.27 curveto
557.78 90.96 558.74 84.52 561.87 82.26 curveto
565.87 79.38 571.02 78.36 575.88 77.56 curveto
591.37 75.01 605.94 62.13 638.14 19.94 curveto stroke
 0 0 0 1 setcmykcolor 0 1.2 dtransform truncate idtransform setlinewidth pop
newpath 760.08 -122.62 moveto
757.51 -118.41 753.63 -115.13 750.4 -111.38 curveto
749.45 -105.1 749.95 -98.43 747.55 -92.54 curveto
745.3 -87.03 739.91 -83.3 736.86 -78.19 curveto
730.35 -67.31 725.9 -55.29 719.02 -44.67 curveto
716.23 -40.37 710.28 -38.46 708.01 -33.85 curveto
705.2 -28.15 707.8 -20.61 704.58 -15.15 curveto
702.36 -11.39 695.82 -12.18 693.14 -8.76 curveto
684.53 2.25 680.05 16.36 670.78 27.09 curveto
666.08 32.53 658.49 34.69 652.45 38.45 curveto
647.23 43.96 641.27 48.94 636.39 54.97 curveto
627.08 66.45 645.07 83.57 637.14 99.1 curveto
617.63 137.34 623.8 109.27 597.71 142.56 curveto
593.94 147.37 593.49 154.02 590.07 159.16 curveto
589.61 159.85 580.9 162.42 586.76 165.1 curveto
618.03 179.38 601.65 168.41 650.17 161.54 curveto
681.3 157.13 672.63 157.34 704.97 154.48 curveto stroke
 0.6 0.4 0 0.1 setcmykcolor 0 0.84 dtransform truncate idtransform setlinewidth pop
newpath 759.22 -122.72 moveto
756.67 -118.5 752.82 -115.22 749.62 -111.47 curveto
748.7 -105.18 749.21 -98.51 746.84 -92.61 curveto
744.63 -87.1 739.3 -83.37 736.3 -78.25 curveto
729.91 -67.35 725.57 -55.31 718.76 -44.69 curveto
716.02 -40.38 710.1 -38.48 707.86 -33.86 curveto
705.09 -28.16 707.69 -20.61 704.46 -15.16 curveto
702.23 -11.39 695.71 -12.2 692.97 -8.77 curveto
684.21 2.22 679.91 16.4 670.78 27.09 curveto
666.06 32.57 658.47 34.69 652.38 38.44 curveto
647.01 43.95 641.09 48.96 636.26 54.96 curveto
626.96 66.47 644.68 83.71 636.51 99.06 curveto
616.28 137.41 623.48 109.1 596.6 142.49 curveto
592.85 147.15 592.77 153.97 589.54 159.12 curveto
589.11 159.82 580.67 162.39 586.35 165.07 curveto
616.88 179.28 601.48 168.81 644.12 161.14 curveto
668.29 156.82 661.76 156.7 686.14 153.85 curveto stroke
 0 0.9 0.9 0.2 setcmykcolor
newpath 759.89 -118.32 moveto
757.31 -114.15 753.46 -110.92 750.24 -107.22 curveto
749.27 -100.99 749.72 -94.35 747.32 -88.51 curveto
745.08 -83.05 739.76 -79.39 736.74 -74.33 curveto
730.3 -63.54 725.88 -51.59 719 -41.08 curveto
716.22 -36.82 710.32 -35 708.05 -30.44 curveto
705.26 -24.81 707.79 -17.31 704.54 -11.93 curveto
702.3 -8.22 695.85 -9.08 693.12 -5.71 curveto
684.38 5.1 680.03 19.1 670.92 29.6 curveto
666.32 34.91 658.94 36.94 652.95 40.62 curveto
647.64 45.99 641.78 50.88 637.03 56.75 curveto
627.79 68.15 645.33 85.4 637.11 100.67 curveto
616.78 138.44 624.09 110.57 597.31 143.26 curveto
593.57 147.83 593.51 154.53 590.48 159.59 curveto
590.07 160.29 581.61 162.81 587.31 165.55 curveto
617.79 180.2 602.54 169.45 645.29 162.54 curveto
669.5 158.62 662.98 158.39 687.38 155.96 curveto stroke
 0 0 0 1 setcmykcolor 0 1.2 dtransform truncate idtransform setlinewidth pop
newpath 532.84 -225.74 moveto
550.79 -214.2 497.26 -190.62 501.74 -177.71 curveto
504.3 -170.33 521.3 -157.86 529.34 -162.65 curveto
539.95 -168.97 526.44 -170.19 547.14 -169.78 curveto
566.25 -169.4 578.08 -176.87 594.38 -165.25 curveto
603.05 -159.08 631.38 -154.68 634.23 -153.47 curveto
642.41 -150 650.38 -145.95 657.86 -141.17 curveto
660.19 -139.68 662.31 -137.48 663.29 -134.89 curveto
668.52 -121.14 670.69 -106.35 676.15 -92.75 curveto
677.26 -89.97 679.79 -87.01 682.76 -86.71 curveto
701.34 -84.83 718.5 -86.04 734.23 -96.26 curveto
736.91 -98 739.57 -100.56 740.29 -103.65 curveto
741.96 -110.76 735.06 -129.81 748.41 -134.01 curveto
750.58 -134.69 763.93 -128.93 760.08 -122.62 curveto stroke
 0.6 0.4 0 0.1 setcmykcolor 0 0.84 dtransform truncate idtransform setlinewidth pop
newpath 532.4 -225.86 moveto
550.39 -214.3 497.02 -190.69 501.54 -177.76 curveto
504.13 -170.38 521.15 -157.88 529.21 -162.68 curveto
539.83 -168.98 526.26 -170.2 547.01 -169.8 curveto
566.07 -169.42 577.81 -176.9 594.17 -165.29 curveto
602.89 -159.09 631.16 -154.71 634 -153.5 curveto
642.11 -150.05 650.02 -146 657.44 -141.23 curveto
659.76 -139.74 661.86 -137.54 662.84 -134.95 curveto
668.04 -121.2 670.21 -106.4 675.72 -92.8 curveto
676.85 -90.01 679.41 -87.06 682.39 -86.75 curveto
701 -84.87 718.05 -86.08 733.61 -96.32 curveto
736.26 -98.07 738.89 -100.63 739.6 -103.72 curveto
741.23 -110.84 734.31 -129.9 747.59 -134.11 curveto
749.74 -134.79 763.04 -129.03 759.22 -122.72 curveto stroke
 0 0.9 0.9 0.2 setcmykcolor
newpath 534.54 -224.75 moveto
552.45 -212.83 498.51 -190.08 502.94 -177.01 curveto
505.48 -169.53 522.37 -156.68 530.5 -161.36 curveto
541.23 -167.52 527.66 -168.96 548.44 -168.23 curveto
567.55 -167.57 579.43 -174.89 595.66 -163.02 curveto
604.32 -156.68 632.59 -151.94 635.42 -150.7 curveto
643.5 -147.14 651.36 -143 658.73 -138.14 curveto
661.03 -136.62 663.11 -134.4 664.06 -131.81 curveto
669.11 -118.02 671.13 -103.22 676.51 -89.56 curveto
677.61 -86.77 680.14 -83.78 683.13 -83.44 curveto
701.67 -81.3 718.64 -82.31 734.2 -92.33 curveto
736.85 -94.04 739.49 -96.56 740.22 -99.63 curveto
741.9 -106.69 735.22 -125.72 748.45 -129.76 curveto
750.6 -130.41 763.75 -124.55 759.89 -118.32 curveto stroke
 0.83 0.54 0 0 setcmykcolor 0 0.42001
 dtransform truncate idtransform setlinewidth pop
newpath 544.78 -230.09 moveto
541.92624 -230.812 539.17119 -229.04692 539.57674 -226.62006 curveto
540.07625 -223.63092 536.81729 -221.49992 534.37349 -223.15012 curveto
532.18515 -224.62779 531.09163 -220.9615 529.17 -219.68 curveto
529.17 -219.68 lineto stroke
newpath 532.7838 -221.3949 moveto
531.65121 -220.89252 530.38924 -219.92139 529.17 -219.68 curveto
529.17 -219.68 lineto
529.17 -219.68 lineto
529.86143 -220.71283 530.06705 -222.29187 530.51265 -223.44797 curveto
 closepath stroke
newpath 532.7838 -221.3949 moveto
531.65121 -220.89252 530.38924 -219.92139 529.17 -219.68 curveto
529.17 -219.68 lineto
529.17 -219.68 lineto
529.86143 -220.71283 530.06705 -222.29187 530.51265 -223.44797 curveto
 closepath fill
newpath 511.34 -207.39 moveto
509.75642 -208.97966 506.76286 -207.27502 506.76498 -204.04 curveto
506.76642 -201.85033 503.82494 -201.88718 502.19 -200.69 curveto
502.19 -200.69 lineto stroke
newpath 506.1864 -200.86055 moveto
505.00703 -200.63397 503.4484 -200.99706 502.19 -200.69 curveto
502.19 -200.69 lineto
502.19 -200.69 lineto
502.86267 -201.79695 504.22154 -202.64236 504.89523 -203.63652 curveto
 closepath stroke
newpath 506.1864 -200.86055 moveto
505.00703 -200.63397 503.4484 -200.99706 502.19 -200.69 curveto
502.19 -200.69 lineto
502.19 -200.69 lineto
502.86267 -201.79695 504.22154 -202.64236 504.89523 -203.63652 curveto
 closepath fill
 0 0 0 1 setcmykcolor 0 1.2 dtransform truncate idtransform setlinewidth pop
newpath 482.35 -166.42 moveto
481.3 -165.11 480.7 -163.45 480.17 -161.85 curveto
475.75 -148.38 493.81 -144.49 499.74 -155.36 curveto
504.63 -164.32 491.42 -177.65 482.35 -166.42 curveto closepath stroke
 0.6 0.4 0 0.1 setcmykcolor 0 0.84 dtransform truncate idtransform setlinewidth pop
newpath 482.26 -166.44 moveto
481.21 -165.12 480.62 -163.47 480.11 -161.86 curveto
475.74 -148.38 493.72 -144.51 499.6 -155.39 curveto
504.46 -164.35 491.24 -177.69 482.26 -166.44 curveto closepath stroke
 0 0.9 0.9 0.2 setcmykcolor
newpath 483.37 -165.96 moveto
482.29 -164.66 481.69 -163.01 481.16 -161.41 curveto
476.71 -147.9 494.67 -143.71 500.74 -154.52 curveto
505.74 -163.45 492.55 -177.12 483.37 -165.96 curveto closepath stroke
 0 0 0 1 setcmykcolor 0 1.2 dtransform truncate idtransform setlinewidth pop
newpath 165.46 -51.12 moveto
156.89 -60.18 154.79 -48.86 147.93 -39.35 curveto
147.17 -38.29 146.79 -36.73 147.05 -35.25 curveto
147.55 -32.49 148.34 -29.46 150.15 -27.24 curveto
152 -24.97 157.51 -25.55 158.12 -28.33 curveto
158.96 -32.1 156.41 -36.9 157.98 -40.4 curveto
160.89 -46.91 171.25 -45.37 165.46 -51.12 curveto closepath stroke
 0.6 0.4 0 0.1 setcmykcolor 0 0.84 dtransform truncate idtransform setlinewidth pop
newpath 165.13 -50.85 moveto
155.79 -59.27 153.66 -47.84 145.78 -37.22 curveto
144.87 -36 144.38 -34.3 144.63 -32.81 curveto
145.1 -30.01 145.9 -26.99 147.85 -24.93 curveto
149.84 -22.82 155.93 -24.04 156.74 -27.02 curveto
157.85 -31.07 155.28 -35.82 157.1 -39.6 curveto
160.37 -46.42 171.23 -45.35 165.13 -50.85 curveto closepath stroke
 0 0.9 0.9 0.2 setcmykcolor
newpath 161.84 -56.13 moveto
152.62 -64.58 150.34 -53.26 142.37 -42.72 curveto
141.45 -41.51 140.95 -39.82 141.18 -38.32 curveto
141.63 -35.53 142.39 -32.5 144.32 -30.43 curveto
146.28 -28.31 152.38 -29.46 153.22 -32.44 curveto
154.36 -36.47 151.84 -41.23 153.69 -44.99 curveto
157.02 -51.78 167.86 -50.6 161.84 -56.13 curveto closepath stroke
 0 0 0 1 setcmykcolor 0 1.2 dtransform truncate idtransform setlinewidth pop
newpath 470.65 -177.37 moveto
480.76 -190.11 520.3 -236.48 532.84 -225.74 curveto stroke
 0.6 0.4 0 0.1 setcmykcolor 0 0.84 dtransform truncate idtransform setlinewidth pop
newpath 470.53 -177.4 moveto
480.55 -190.16 519.82 -236.61 532.4 -225.86 curveto stroke
 0 0.9 0.9 0.2 setcmykcolor
newpath 471.59 -177.12 moveto
481.86 -189.82 522.01 -235.78 534.54 -224.75 curveto stroke
 0 0 0 1 setcmykcolor 0 1.2 dtransform truncate idtransform setlinewidth pop
newpath 226.95 -125.88 moveto
226.95 -125.88 227.49 -130.95 234.75 -139.56 curveto stroke
 0.6 0.4 0 0.1 setcmykcolor 0 0.84 dtransform truncate idtransform setlinewidth pop
newpath 226.02 -126.02 moveto
226.02 -126.02 226.53 -131.15 233.75 -139.87 curveto stroke
 0 0.9 0.9 0.2 setcmykcolor
newpath 222.91 -130.49 moveto
222.91 -130.49 223.46 -135.58 230.8 -144.21 curveto stroke
 0 0 0 1 setcmykcolor 0 1.2 dtransform truncate idtransform setlinewidth pop
newpath 470.65 -177.37 moveto
462.42 -167.01 459.57 -152.95 451.15 -142.61 curveto
445.66 -135.87 435.37 -134.45 429.67 -127.88 curveto
407.44 -102.29 388.92 -73.9 368.33 -47.08 curveto
366.29 -44.42 362.81 -42.91 359.53 -42.25 curveto
346.69 -39.63 333.02 -36.77 321.12 -42.57 curveto
318.59 -43.8 315.54 -45.24 314.49 -47.92 curveto
309.63 -60.39 318.2 -69.98 301.98 -70.37 curveto
290.84 -70.63 287.97 -63.39 271.85 -48.93 curveto
264.83 -42.63 251.96 -32.29 244.78 -29.21 curveto
230.56 -23.1 236.87 -37.83 225.72 -49.12 curveto
218.99 -55.94 210.38 -60.7 201.97 -65.35 curveto
197.58 -67.77 185.58 -65.44 187.63 -70.09 curveto
197.4 -92.2 211.02 -107.54 226.95 -125.88 curveto stroke
 0.6 0.4 0 0.1 setcmykcolor 0 0.84 dtransform truncate idtransform setlinewidth pop
newpath 470.53 -177.4 moveto
462.37 -167.02 459.58 -152.95 451.1 -142.62 curveto
445.56 -135.88 435.19 -134.5 429.47 -127.92 curveto
407.29 -102.34 388.59 -74 368.15 -47.08 curveto
366.04 -44.5 362.67 -42.91 359.4 -42.25 curveto
346.56 -39.62 332.84 -36.77 320.86 -42.55 curveto
318.31 -43.78 315.25 -45.22 314.18 -47.9 curveto
309.23 -60.36 317.77 -70.01 301.5 -70.34 curveto
290.33 -70.62 287.49 -63.34 271.49 -48.84 curveto
264.52 -42.56 251.72 -32.2 244.57 -29.12 curveto
230.54 -23.09 236.66 -37.75 225.31 -48.93 curveto
218.46 -55.71 209.76 -60.4 201.33 -65.02 curveto
196.95 -67.44 185 -65.11 187.02 -69.74 curveto
196.84 -92.03 210.27 -107.46 226.02 -126.02 curveto stroke
 0 0.9 0.9 0.2 setcmykcolor
newpath 471.59 -177.12 moveto
463.21 -166.77 460.23 -152.65 451.54 -142.56 curveto
445.88 -135.97 435.51 -134.82 429.67 -128.39 curveto
406.98 -103.43 387.68 -75.59 366.68 -49.19 curveto
364.52 -46.67 361.12 -45.15 357.85 -44.56 curveto
344.97 -42.25 330.95 -39.83 318.75 -45.93 curveto
316.16 -47.22 313.06 -48.71 312.03 -51.41 curveto
307.27 -63.99 316.22 -73.45 299.57 -74.14 curveto
288.18 -74.61 285.17 -67.34 268.81 -52.95 curveto
261.71 -46.71 248.69 -36.47 241.44 -33.46 curveto
227.23 -27.55 233.57 -42.24 222.25 -53.63 curveto
215.4 -60.53 206.63 -65.32 198.1 -69.99 curveto
193.69 -72.41 181.71 -70.11 183.76 -74.71 curveto
193.65 -96.86 207.06 -112.13 222.91 -130.49 curveto stroke
 0 0.4 0.8 0 setcmykcolor 0 0.6 dtransform truncate idtransform setlinewidth pop
newpath 60.56 -194.70993 moveto
60.56 -188.11008 lineto
58.76007 -185.11008 lineto stroke
newpath 60.56 -188.11008 moveto
62.35992 -185.11008 lineto stroke
 0 0 0 1 setcmykcolor 0 1.99252 dtransform truncate idtransform setlinewidth pop
newpath 60.56 -189.91 moveto 0 0 rlineto stroke
 0.6 0.4 0 0.1 setcmykcolor
newpath 58.95 -197.02 moveto 0 0 rlineto stroke
 0 0.9 0.9 0.2 setcmykcolor
newpath 57.98 -199.45 moveto 0 0 rlineto stroke
 0 0.4 0.8 0 setcmykcolor 0 0.6 dtransform truncate idtransform setlinewidth pop
newpath 104.79 -175.80992 moveto
104.79 -169.21007 lineto
102.99007 -166.21007 lineto stroke
newpath 104.79 -169.21007 moveto
106.58992 -166.21007 lineto stroke
 0 0 0 1 setcmykcolor 0 1.99252 dtransform truncate idtransform setlinewidth pop
newpath 104.79 -171.01 moveto 0 0 rlineto stroke
 0.6 0.4 0 0.1 setcmykcolor
newpath 104.26 -172.24 moveto 0 0 rlineto stroke
 0 0.9 0.9 0.2 setcmykcolor
newpath 102.88 -175.05 moveto 0 0 rlineto stroke
 0 0.4 0.8 0 setcmykcolor 0 0.6 dtransform truncate idtransform setlinewidth pop
newpath 89.59 -190.46992 moveto
89.59 -183.87007 lineto
87.79007 -180.87007 lineto stroke
newpath 89.59 -183.87007 moveto
91.38992 -180.87007 lineto stroke
 0 0 0 1 setcmykcolor 0 1.99252 dtransform truncate idtransform setlinewidth pop
newpath 89.59 -185.67 moveto 0 0 rlineto stroke
 0.6 0.4 0 0.1 setcmykcolor
newpath 89.39 -186.36 moveto 0 0 rlineto stroke
 0 0.9 0.9 0.2 setcmykcolor
newpath 88.32 -188.99 moveto 0 0 rlineto stroke
 0 0 0 1 setcmykcolor 0 1.2 dtransform truncate idtransform setlinewidth pop
newpath 222.88 -131.22 moveto
222.88 -131.22 226.78 -134.29 233.93 -140.06 curveto stroke
 0.6 0.4 0 0.1 setcmykcolor 0 0.84 dtransform truncate idtransform setlinewidth pop
newpath 221.93 -131.43 moveto
221.93 -131.43 225.81 -134.54 232.94 -140.39 curveto stroke
 0 0.9 0.9 0.2 setcmykcolor
newpath 218.83 -135.86 moveto
218.83 -135.86 222.75 -138.93 229.98 -144.72 curveto stroke
 0 0 0 1 setcmykcolor 0 1.2 dtransform truncate idtransform setlinewidth pop
newpath 85.68 -217.65 moveto
84.76 -214.67 80.85 -205.93 82.5 -204.1 curveto
83.42 -203.08 93.23 -185.68 108.07 -187.42 curveto
163.45 -193.92 142.69 -206.13 182.93 -201.69 curveto
189.52 -200.97 196.12 -199.94 202.42 -198.01 curveto
203.35 -197.72 203.97 -196.29 203.63 -195.39 curveto
203.15 -194.07 201.66 -193.32 200.43 -192.62 curveto
177.12 -179.39 172.72 -183.43 135.51 -168.94 curveto
132.67 -167.83 131.16 -164.73 129.89 -162.1 curveto
124.76 -151.49 117.57 -141.06 116.32 -129 curveto
115.96 -125.51 122.75 -125.22 126.34 -124.88 curveto
133.39 -124.2 141.03 -128.83 147.36 -125.92 curveto
153.02 -123.32 153.45 -114.91 157.62 -110.3 curveto
160.08 -107.57 163.5 -105.72 166.98 -104.59 curveto
181.99 -99.74 191.21 -105.12 204.91 -115.79 curveto
211.51 -120.97 217.6 -124.81 222.88 -131.22 curveto stroke
 0.6 0.4 0 0.1 setcmykcolor 0 0.84 dtransform truncate idtransform setlinewidth pop
newpath 81.29 -233.06 moveto
79.97 -230.22 77.73 -219.8 79.5 -217.22 curveto
80.54 -215.7 92.78 -188.2 107.13 -190.43 curveto
161.78 -198.36 140.96 -211.07 181.47 -204.33 curveto
188.08 -203.22 194.73 -202.08 201.07 -199.92 curveto
202 -199.6 202.63 -198.12 202.3 -197.19 curveto
201.81 -195.85 200.31 -195.12 199.09 -194.42 curveto
175.76 -181.28 171.3 -185.67 134.25 -171.1 curveto
131.42 -169.98 129.98 -166.63 128.7 -163.86 curveto
123.62 -152.68 116.39 -141.76 115.15 -129.15 curveto
114.75 -125.52 121.47 -125.23 125.02 -124.87 curveto
132.07 -124.17 139.79 -128.96 146.23 -125.98 curveto
152.03 -123.3 152.61 -114.75 157.04 -110.15 curveto
159.65 -107.44 163.27 -105.71 166.85 -104.55 curveto
181.87 -99.76 190.79 -105.04 204.16 -115.78 curveto
210.67 -121.03 216.7 -124.93 221.93 -131.43 curveto stroke
 0 0.9 0.9 0.2 setcmykcolor
newpath 80.47 -235.03 moveto
79.16 -232.23 76.92 -221.96 78.67 -219.41 curveto
79.69 -217.92 91.67 -190.79 105.79 -192.95 curveto
159.56 -201.18 139.11 -213.38 179.1 -207.37 curveto
185.66 -206.38 192.28 -205.36 198.58 -203.31 curveto
199.51 -203.01 200.13 -201.56 199.78 -200.65 curveto
199.29 -199.33 197.79 -198.6 196.56 -197.9 curveto
173.26 -184.79 168.89 -188.99 132.31 -174.1 curveto
129.53 -172.96 128.08 -169.67 126.77 -166.96 curveto
121.53 -156.04 114.13 -145.47 112.79 -133.44 curveto
112.39 -129.93 119.04 -129.67 122.56 -129.33 curveto
129.53 -128.66 137.18 -133.4 143.55 -130.49 curveto
149.3 -127.87 149.86 -119.39 154.24 -114.85 curveto
156.82 -112.17 160.4 -110.46 163.95 -109.32 curveto
178.82 -104.56 187.69 -109.77 201 -120.38 curveto
207.51 -125.57 213.55 -129.42 218.83 -135.86 curveto stroke
 0 0 0 1 setcmykcolor 0 1.2 dtransform truncate idtransform setlinewidth pop
newpath -762.54 78.58 moveto
-732.37 69.23 -734.9 77.91 -706.11 99.88 curveto
-701.44 103.44 -692.25 111.89 -691.06 117.18 curveto
-684.61 145.91 -698.85 149.21 -673.26 160.58 curveto
-671.26 161.47 -667.57 161.71 -666.72 159.7 curveto
-663.88 153 -665.61 145.13 -663.68 138.12 curveto
-661.09 128.72 -646.79 130.05 -640.84 132.26 curveto
-631.48 135.74 -625.86 148.96 -615.76 148.7 curveto
-591.43 148.09 -567.54 132.54 -550.96 115.67 curveto
-549.31 113.99 -548.09 111.78 -547.59 109.51 curveto
-544.64 96.09 -528.52 55.29 -549.01 40.26 curveto
-555.01 35.85 -564.32 36.32 -569.16 30.64 curveto
-573.08 26.04 -573.01 18.83 -572.48 12.82 curveto
-570.85 -5.72 -554.56 -18.3 -545.67 -32.53 curveto
-541.81 -38.71 -541.27 -46.85 -536.58 -52.43 curveto
-517.34 -75.33 -508.81 -70.42 -483.72 -84.61 curveto
-473.18 -90.58 -464.72 -100.23 -453.56 -105.07 curveto
-442.97 -109.65 -429.27 -95.35 -422.65 -92.76 curveto
-418 -90.95 -412.76 -90.66 -407.76 -90.98 curveto
-390.36 -92.1 -398.51 -98.71 -389.11 -110.52 curveto
-386.11 -114.29 -381.69 -117.35 -376.9 -118.6 curveto
-358.12 -123.51 -337.91 -124.01 -320.53 -132.34 curveto
-312.93 -135.98 -313.08 -148.73 -305.65 -152.66 curveto
-297.88 -156.77 -287.97 -152.64 -279.34 -154.19 curveto
-271.51 -155.59 -264.3 -159.58 -256.48 -161.38 curveto
-248.05 -163.31 -239.12 -162.82 -230.86 -165.31 curveto
-222.58 -167.81 -184.6 -179.48 -172.92 -192.33 curveto
-158.59 -208.08 -149.02 -239 -121.55 -234.44 curveto
-101.81 -231.16 -82.45 -225.37 -62.6 -222.28 curveto
-56.33 -221.3 -49.99 -223.35 -43.69 -222.64 curveto
-13.49 -219.27 16.43 -210.13 46.19 -207.1 curveto
56.15 -206.08 64.53 -210.68 66.92 -219.51 curveto stroke
 0.6 0.4 0 0.1 setcmykcolor 0 0.84 dtransform truncate idtransform setlinewidth pop
newpath -769.46 73.3 moveto
-738.45 62.79 -741.66 70.98 -706.72 99.24 curveto
-702.45 102.7 -693.4 110.77 -692.09 116.11 curveto
-684.86 145.73 -699.16 148.9 -673.32 160.52 curveto
-671.31 161.44 -667.59 161.69 -666.75 159.66 curveto
-663.98 152.9 -665.82 144.91 -664 137.78 curveto
-661.57 128.23 -647.15 129.65 -641.13 131.96 curveto
-631.65 135.53 -625.9 148.93 -615.75 148.7 curveto
-591.32 148.2 -567.42 132.66 -550.96 115.68 curveto
-549.31 114 -548.11 111.78 -547.61 109.5 curveto
-544.73 96.03 -528.64 55.17 -549.27 40.03 curveto
-555.32 35.57 -564.69 35.98 -569.59 30.25 curveto
-573.55 25.61 -573.49 18.39 -572.96 12.38 curveto
-571.33 -6.15 -554.89 -18.59 -545.96 -32.78 curveto
-542.08 -38.93 -541.55 -47.08 -536.86 -52.66 curveto
-517.57 -75.51 -509.02 -70.59 -483.87 -84.72 curveto
-473.3 -90.66 -464.79 -100.25 -453.62 -105.11 curveto
-443.01 -109.64 -429.29 -95.36 -422.66 -92.77 curveto
-418.01 -90.95 -412.74 -90.38 -407.77 -90.99 curveto
-390.35 -91.82 -398.5 -98.7 -389.11 -110.52 curveto
-386.1 -114.27 -381.62 -117.07 -376.92 -118.62 curveto
-358.12 -123.25 -337.99 -124.04 -320.59 -132.36 curveto
-312.97 -136 -313.18 -148.79 -305.75 -152.72 curveto
-297.99 -156.84 -288.04 -152.68 -279.38 -154.21 curveto
-271.54 -155.61 -264.34 -159.6 -256.55 -161.42 curveto
-248.16 -163.37 -239.25 -162.91 -231.01 -165.4 curveto
-222.72 -167.91 -184.75 -179.59 -173.13 -192.51 curveto
-158.87 -208.35 -149.55 -239.59 -122.14 -235.25 curveto
-102.48 -232.14 -83.2 -226.58 -63.47 -223.97 curveto
-57.26 -223.14 -51 -225.43 -44.75 -225.12 curveto
-14.92 -223.57 14.71 -217.35 44.21 -218.58 curveto
54.09 -219.06 62.43 -225.82 65.46 -235.9 curveto stroke
 0 0.9 0.9 0.2 setcmykcolor
newpath -766.89 77.06 moveto
-736.41 67.04 -739.58 75.03 -705.61 102.91 curveto
-701.46 106.31 -692.68 114.26 -691.45 119.49 curveto
-684.59 148.47 -698.59 151.48 -673.3 162.9 curveto
-671.33 163.79 -667.67 164.02 -666.85 162.01 curveto
-664.12 155.32 -665.95 147.49 -664.15 140.49 curveto
-661.74 131.09 -647.45 132.28 -641.44 134.49 curveto
-631.96 137.98 -626.18 151.29 -616.09 151.07 curveto
-591.72 150.53 -567.88 134.98 -551.49 117.97 curveto
-549.85 116.27 -548.65 114.03 -548.16 111.72 curveto
-545.22 98.05 -528.61 56.83 -549.31 41.34 curveto
-555.36 36.81 -564.85 37.22 -569.72 31.44 curveto
-573.66 26.76 -573.49 19.44 -572.88 13.35 curveto
-570.98 -5.4 -554.17 -17.95 -545 -32.24 curveto
-541.02 -38.43 -540.44 -46.65 -535.66 -52.24 curveto
-516.15 -75.07 -507.54 -70.03 -482.28 -84.04 curveto
-471.64 -89.95 -463.1 -99.5 -451.94 -104.36 curveto
-441.38 -108.95 -427.62 -94.59 -421.06 -92.05 curveto
-416.44 -90.26 -411.22 -89.71 -406.3 -90.33 curveto
-389.22 -92.48 -397.45 -99.51 -387.46 -111.79 curveto
-384.37 -115.59 -379.84 -118.36 -375.18 -119.85 curveto
-356.55 -124.41 -336.57 -125.22 -319.3 -133.55 curveto
-311.72 -137.21 -311.87 -150.01 -304.44 -153.97 curveto
-296.67 -158.11 -286.74 -153.98 -278.07 -155.52 curveto
-270.23 -156.91 -263.05 -160.89 -255.3 -162.67 curveto
-246.98 -164.59 -238.15 -164.12 -229.97 -166.59 curveto
-221.75 -169.08 -184.01 -180.74 -172.38 -193.58 curveto
-158.17 -209.29 -148.89 -240.32 -121.75 -235.97 curveto
-102.34 -232.86 -83.33 -227.35 -63.83 -224.86 curveto
-57.69 -224.07 -51.49 -226.41 -45.3 -226.18 curveto
-15.69 -225.06 13.83 -219.28 43.42 -220.8 curveto
53.35 -221.31 61.76 -227.97 64.82 -237.9 curveto stroke
 0 0 0 1 setcmykcolor 0 0.6 dtransform truncate idtransform setlinewidth pop
newpath -140.01 -221.48996 moveto
-128.01 -221.48996 lineto stroke
 0.42001 0 dtransform exch truncate exch idtransform pop setlinewidth
newpath -137.61003 -221.48996 moveto
-137.61003 -217.88992 lineto stroke
newpath -134.01 -221.48996 moveto
-134.01 -217.88992 lineto stroke
newpath -130.40996 -221.48996 moveto
-130.40996 -217.88992 lineto stroke
newpath -136.41005 -217.88992 moveto
-136.41005 -217.57166 -136.5365 -217.26646 -136.76154 -217.04143 curveto
-136.98657 -216.81639 -137.29176 -216.68994 -137.61003 -216.68994 curveto
-137.9283 -216.68994 -138.23349 -216.81639 -138.45853 -217.04143 curveto
-138.68356 -217.26646 -138.81001 -217.57166 -138.81001 -217.88992 curveto
-138.81001 -218.20819 -138.68356 -218.51338 -138.45853 -218.73842 curveto
-138.23349 -218.96346 -137.9283 -219.0899 -137.61003 -219.0899 curveto
-137.29176 -219.0899 -136.98657 -218.96346 -136.76154 -218.73842 curveto
-136.5365 -218.51338 -136.41005 -218.20819 -136.41005 -217.88992 curveto closepath fill
newpath -132.81001 -217.88992 moveto
-132.81001 -217.57166 -132.93646 -217.26646 -133.1615 -217.04143 curveto
-133.38654 -216.81639 -133.69173 -216.68994 -134.01 -216.68994 curveto
-134.32826 -216.68994 -134.63345 -216.81639 -134.85849 -217.04143 curveto
-135.08353 -217.26646 -135.20998 -217.57166 -135.20998 -217.88992 curveto
-135.20998 -218.20819 -135.08353 -218.51338 -134.85849 -218.73842 curveto
-134.63345 -218.96346 -134.32826 -219.0899 -134.01 -219.0899 curveto
-133.69173 -219.0899 -133.38654 -218.96346 -133.1615 -218.73842 curveto
-132.93646 -218.51338 -132.81001 -218.20819 -132.81001 -217.88992 curveto closepath fill
newpath -129.20998 -217.88992 moveto
-129.20998 -217.57166 -129.33643 -217.26646 -129.56146 -217.04143 curveto
-129.7865 -216.81639 -130.09169 -216.68994 -130.40996 -216.68994 curveto
-130.72823 -216.68994 -131.03342 -216.81639 -131.25845 -217.04143 curveto
-131.48349 -217.26646 -131.60994 -217.57166 -131.60994 -217.88992 curveto
-131.60994 -218.20819 -131.48349 -218.51338 -131.25845 -218.73842 curveto
-131.03342 -218.96346 -130.72823 -219.0899 -130.40996 -219.0899 curveto
-130.09169 -219.0899 -129.7865 -218.96346 -129.56146 -218.73842 curveto
-129.33643 -218.51338 -129.20998 -218.20819 -129.20998 -217.88992 curveto closepath fill
 0 1.99252 dtransform truncate idtransform setlinewidth pop
newpath -134.01 -219.09 moveto 0 0 rlineto stroke
 0.6 0.4 0 0.1 setcmykcolor
newpath -134.44 -219.58 moveto 0 0 rlineto stroke
 0 0.9 0.9 0.2 setcmykcolor
newpath -133.92 -220.42 moveto 0 0 rlineto stroke
 0 0 0 1 setcmykcolor 0 0.6 dtransform truncate idtransform setlinewidth pop
newpath -304.26 -144.47997 moveto
-292.26 -144.47997 lineto stroke
 0.42001 0 dtransform exch truncate exch idtransform pop setlinewidth
newpath -301.86003 -144.47997 moveto
-301.86003 -140.87993 lineto stroke
newpath -298.26 -144.47997 moveto
-298.26 -140.87993 lineto stroke
newpath -294.65996 -144.47997 moveto
-294.65996 -140.87993 lineto stroke
newpath -300.66005 -140.87993 moveto
-300.66005 -140.56166 -300.7865 -140.25647 -301.01154 -140.03143 curveto
-301.23657 -139.8064 -301.54176 -139.67995 -301.86003 -139.67995 curveto
-302.1783 -139.67995 -302.48349 -139.8064 -302.70853 -140.03143 curveto
-302.93356 -140.25647 -303.06001 -140.56166 -303.06001 -140.87993 curveto
-303.06001 -141.1982 -302.93356 -141.50339 -302.70853 -141.72842 curveto
-302.48349 -141.95346 -302.1783 -142.07991 -301.86003 -142.07991 curveto
-301.54176 -142.07991 -301.23657 -141.95346 -301.01154 -141.72842 curveto
-300.7865 -141.50339 -300.66005 -141.1982 -300.66005 -140.87993 curveto closepath fill
newpath -297.06001 -140.87993 moveto
-297.06001 -140.56166 -297.18646 -140.25647 -297.4115 -140.03143 curveto
-297.63654 -139.8064 -297.94173 -139.67995 -298.26 -139.67995 curveto
-298.57826 -139.67995 -298.88345 -139.8064 -299.10849 -140.03143 curveto
-299.33353 -140.25647 -299.45998 -140.56166 -299.45998 -140.87993 curveto
-299.45998 -141.1982 -299.33353 -141.50339 -299.10849 -141.72842 curveto
-298.88345 -141.95346 -298.57826 -142.07991 -298.26 -142.07991 curveto
-297.94173 -142.07991 -297.63654 -141.95346 -297.4115 -141.72842 curveto
-297.18646 -141.50339 -297.06001 -141.1982 -297.06001 -140.87993 curveto closepath fill
newpath -293.45998 -140.87993 moveto
-293.45998 -140.56166 -293.58643 -140.25647 -293.81146 -140.03143 curveto
-294.0365 -139.8064 -294.34169 -139.67995 -294.65996 -139.67995 curveto
-294.97823 -139.67995 -295.28342 -139.8064 -295.50845 -140.03143 curveto
-295.73349 -140.25647 -295.85994 -140.56166 -295.85994 -140.87993 curveto
-295.85994 -141.1982 -295.73349 -141.50339 -295.50845 -141.72842 curveto
-295.28342 -141.95346 -294.97823 -142.07991 -294.65996 -142.07991 curveto
-294.34169 -142.07991 -294.0365 -141.95346 -293.81146 -141.72842 curveto
-293.58643 -141.50339 -293.45998 -141.1982 -293.45998 -140.87993 curveto closepath fill
 0 1.99252 dtransform truncate idtransform setlinewidth pop
newpath -298.26 -142.08 moveto 0 0 rlineto stroke
 0.6 0.4 0 0.1 setcmykcolor
newpath -298.33 -142.12 moveto 0 0 rlineto stroke
 0 0.9 0.9 0.2 setcmykcolor
newpath -297.08 -143.41 moveto 0 0 rlineto stroke
 0 0 0 1 setcmykcolor 0 0.6 dtransform truncate idtransform setlinewidth pop
newpath -436.38 -91.25996 moveto
-424.38 -91.25996 lineto stroke
 0.42001 0 dtransform exch truncate exch idtransform pop setlinewidth
newpath -433.98004 -91.25996 moveto
-433.98004 -87.65993 lineto stroke
newpath -430.38 -91.25996 moveto
-430.38 -87.65993 lineto stroke
newpath -426.77997 -91.25996 moveto
-426.77997 -87.65993 lineto stroke
newpath -432.78006 -87.65993 moveto
-432.78006 -87.34166 -432.90651 -87.03647 -433.13155 -86.81143 curveto
-433.35658 -86.5864 -433.66177 -86.45995 -433.98004 -86.45995 curveto
-434.29831 -86.45995 -434.6035 -86.5864 -434.82854 -86.81143 curveto
-435.05357 -87.03647 -435.18002 -87.34166 -435.18002 -87.65993 curveto
-435.18002 -87.9782 -435.05357 -88.28339 -434.82854 -88.50842 curveto
-434.6035 -88.73346 -434.29831 -88.85991 -433.98004 -88.85991 curveto
-433.66177 -88.85991 -433.35658 -88.73346 -433.13155 -88.50842 curveto
-432.90651 -88.28339 -432.78006 -87.9782 -432.78006 -87.65993 curveto closepath fill
newpath -429.18002 -87.65993 moveto
-429.18002 -87.34166 -429.30647 -87.03647 -429.53151 -86.81143 curveto
-429.75655 -86.5864 -430.06174 -86.45995 -430.38 -86.45995 curveto
-430.69827 -86.45995 -431.00346 -86.5864 -431.2285 -86.81143 curveto
-431.45354 -87.03647 -431.57999 -87.34166 -431.57999 -87.65993 curveto
-431.57999 -87.9782 -431.45354 -88.28339 -431.2285 -88.50842 curveto
-431.00346 -88.73346 -430.69827 -88.85991 -430.38 -88.85991 curveto
-430.06174 -88.85991 -429.75655 -88.73346 -429.53151 -88.50842 curveto
-429.30647 -88.28339 -429.18002 -87.9782 -429.18002 -87.65993 curveto closepath fill
newpath -425.57999 -87.65993 moveto
-425.57999 -87.34166 -425.70644 -87.03647 -425.93147 -86.81143 curveto
-426.15651 -86.5864 -426.4617 -86.45995 -426.77997 -86.45995 curveto
-427.09824 -86.45995 -427.40343 -86.5864 -427.62846 -86.81143 curveto
-427.8535 -87.03647 -427.97995 -87.34166 -427.97995 -87.65993 curveto
-427.97995 -87.9782 -427.8535 -88.28339 -427.62846 -88.50842 curveto
-427.40343 -88.73346 -427.09824 -88.85991 -426.77997 -88.85991 curveto
-426.4617 -88.85991 -426.15651 -88.73346 -425.93147 -88.50842 curveto
-425.70644 -88.28339 -425.57999 -87.9782 -425.57999 -87.65993 curveto closepath fill
 0 1.99252 dtransform truncate idtransform setlinewidth pop
newpath -430.38 -88.86 moveto 0 0 rlineto stroke
 0.6 0.4 0 0.1 setcmykcolor
newpath -430.39 -88.86 moveto 0 0 rlineto stroke
 0 0.9 0.9 0.2 setcmykcolor
newpath -428.71 -88.11 moveto 0 0 rlineto stroke
 0 0 0 1 setcmykcolor 0 1.2 dtransform truncate idtransform setlinewidth pop
newpath 92.5 -48.58 moveto
94.41 -50.9 109.35 -61.75 106.78 -71.79 curveto
104.21 -81.8 92.24 -82.27 81.14 -88.15 curveto
70.15 -93.97 63.33 -109.26 66.9 -119.88 curveto
70.54 -130.71 70.86 -132.05 65.47 -148.47 curveto
60.08 -164.9 51.25 -158.29 44.27 -154.68 curveto
39.8 -152.38 43.55 -145.12 2.51 -138.31 curveto
-49.65 -129.64 -91.86 -143.75 -96.88 -143.91 curveto
-101.91 -144.07 -119.26 -152.53 -138.49 -151.61 curveto
-157.51 -150.69 -167.39 -108.56 -176.08 -88.18 curveto stroke
 0.6 0.4 0 0.1 setcmykcolor 0 0.84 dtransform truncate idtransform setlinewidth pop
newpath 81.54 -39.56 moveto
83.62 -41.81 101.93 -54.15 100.99 -66.15 curveto
100.09 -78.18 88.15 -78.76 78.05 -85.63 curveto
67.92 -92.51 62.15 -108.69 66.06 -119.78 curveto
69.84 -130.89 70.12 -132.38 64.39 -149.78 curveto
59.14 -167.4 49.95 -160.7 42.86 -156.93 curveto
38.32 -154.52 42.08 -146.72 0.9 -139.43 curveto
-50.44 -130.07 -92.16 -143.95 -97.21 -144.12 curveto
-102.27 -144.3 -119.53 -152.68 -138.64 -151.7 curveto
-157.67 -150.75 -167.78 -108.7 -176.56 -88.32 curveto stroke
 0 0.9 0.9 0.2 setcmykcolor
newpath 78.91 -45.48 moveto
80.98 -47.69 99.17 -59.74 98.43 -71.51 curveto
97.68 -83.29 85.85 -83.97 75.97 -90.79 curveto
66.09 -97.61 60.56 -113.51 64.49 -124.37 curveto
68.42 -135.23 68.73 -136.67 63.52 -153.3 curveto
58.32 -169.93 49.25 -163.19 42.23 -159.39 curveto
37.73 -156.95 41.51 -149.49 0.63 -141.55 curveto
-50.53 -131.63 -92.1 -145.26 -97.11 -145.45 curveto
-102.12 -145.64 -119.2 -154.01 -138.12 -153.03 curveto
-157.04 -152.04 -167.09 -110.23 -175.71 -89.92 curveto stroke
 0 0 0 1 setcmykcolor 0 0.6 dtransform truncate idtransform setlinewidth pop
 [1.5 1.5 ] 0 setdash
newpath -176.08 -88.18 moveto
-184.89 -67.91 -219.08 -40.85 -234.7 -41.94 curveto
-250.27 -43.02 -261.46 -10.22 -275.16 -0.03 curveto
-289.22 10.42 -308.95 11.95 -317.55 24.01 curveto
-326.19 36.12 -312.99 31.33 -339.84 52.07 curveto stroke
 0.6 0.4 0 0.1 setcmykcolor 0 0.84 dtransform truncate idtransform setlinewidth pop
 [] 0 setdash
newpath -176.56 -88.32 moveto
-185.45 -68.03 -219.61 -40.96 -235.16 -42.05 curveto
-250.68 -43.13 -261.89 -10.3 -275.6 -0.14 curveto
-289.62 10.34 -309.28 11.86 -317.93 23.89 curveto
-326.53 36.03 -313.39 31.22 -340.22 51.95 curveto stroke
 0 0.9 0.9 0.2 setcmykcolor
newpath -175.71 -89.92 moveto
-184.33 -69.61 -217.74 -42.04 -233.14 -42.96 curveto
-248.55 -43.88 -259.21 -9.91 -272.8 0.91 curveto
-286.84 12.1 -306.68 14.19 -315.56 26.64 curveto
-324.45 39.1 -311.03 34 -338.57 55.3 curveto stroke
 0 0 0 1 setcmykcolor 0 0.6 dtransform truncate idtransform setlinewidth pop
 [1.5 1.5 ] 0 setdash
newpath -298.39 -29.7 moveto
-291.19 -30.21 -291.8 -73.15 -305.77 -91.12 curveto stroke
 0.6 0.4 0 0.1 setcmykcolor 0 0.84 dtransform truncate idtransform setlinewidth pop
 [] 0 setdash
newpath -298.68 -29.8 moveto
-291.5 -30.32 -291.99 -73.22 -305.88 -91.17 curveto stroke
 0 0.9 0.9 0.2 setcmykcolor
newpath -295.96 -29.07 moveto
-288.84 -29.84 -290.32 -74.31 -304.51 -92.43 curveto stroke
 0 0 0 1 setcmykcolor 0 1.2 dtransform truncate idtransform setlinewidth pop
newpath -305.77 -91.12 moveto
-319.98 -109.24 -346.06 -104.65 -365.86 -101.71 curveto
-385.32 -98.82 -380.64 -93.66 -378.37 -82.07 curveto
-375.97 -69.9 -380.85 -54.97 -391.65 -57 curveto
-402.82 -59.11 -411.22 -57.04 -414.26 -52.36 curveto
-417.3 -47.67 -416.84 -45.51 -426.52 -47.66 curveto
-436.16 -49.8 -431.84 -44.32 -433.36 -37.92 curveto
-434.88 -31.53 -438.07 -20.53 -442.89 -13.68 curveto
-447.69 -6.85 -426.63 22.06 -421.71 28.17 curveto stroke
 0.6 0.4 0 0.1 setcmykcolor 0 0.84 dtransform truncate idtransform setlinewidth pop
newpath -305.88 -91.17 moveto
-320.02 -109.26 -346.15 -104.84 -365.89 -101.73 curveto
-385.35 -98.96 -380.77 -93.64 -378.37 -82.07 curveto
-376.12 -69.89 -380.94 -54.83 -391.69 -57.03 curveto
-402.89 -58.97 -411.28 -57.08 -414.32 -52.39 curveto
-417.38 -47.72 -416.9 -45.65 -426.59 -47.71 curveto
-436.22 -49.94 -431.94 -44.38 -433.47 -37.99 curveto
-435.01 -31.6 -438.21 -20.61 -443.04 -13.77 curveto
-447.84 -6.94 -426.82 21.95 -421.91 28.06 curveto stroke
 0 0.9 0.9 0.2 setcmykcolor
newpath -304.51 -92.43 moveto
-318.7 -110.55 -344.65 -106.11 -364.21 -102.96 curveto
-383.77 -99.8 -378.94 -94.24 -376.72 -81.44 curveto
-374.51 -68.65 -379.71 -53.1 -390.88 -55.59 curveto
-402.05 -58.08 -410.21 -56.37 -413.27 -51.62 curveto
-416.33 -46.87 -415.91 -44.74 -425.27 -46.93 curveto
-434.64 -49.13 -430.53 -43.54 -432.1 -37.05 curveto
-433.67 -30.57 -436.87 -19.38 -441.65 -12.42 curveto
-446.42 -5.47 -425.77 24.23 -420.91 30.51 curveto stroke
 0 0 0 1 setcmykcolor 0 0.6 dtransform truncate idtransform setlinewidth pop
 [1.5 1.5 ] 0 setdash
newpath -421.71 28.17 moveto
-416.79 34.3 -401.55 28.97 -385.54 28.61 curveto
-369.67 28.26 -356.47 5.9 -353.34 -0.61 curveto
-349.99 -7.58 -310.04 -19.2 -298.39 -29.7 curveto stroke
 0.6 0.4 0 0.1 setcmykcolor 0 0.84 dtransform truncate idtransform setlinewidth pop
 [] 0 setdash
newpath -421.91 28.06 moveto
-417.01 34.18 -401.78 28.88 -385.8 28.5 curveto
-369.95 28.17 -356.73 5.8 -353.58 -0.71 curveto
-350.21 -7.67 -310.33 -19.3 -298.68 -29.8 curveto stroke
 0 0.9 0.9 0.2 setcmykcolor
newpath -420.91 30.51 moveto
-416.05 36.78 -400.85 31.63 -384.77 31.45 curveto
-368.68 31.27 -355.05 8.7 -351.78 2.11 curveto
-348.26 -4.98 -307.57 -17.78 -295.96 -29.07 curveto stroke
 0 0 0 1 setcmykcolor 0 1.2 dtransform truncate idtransform setlinewidth pop
newpath -339.84 52.07 moveto
-391.03 69.63 -398.97 105.59 -410.51 126.78 curveto
-422.08 148 -437.36 141.86 -448.75 143.39 curveto
-460.15 144.92 -487.99 158.02 -498.62 161.9 curveto
-509.26 165.79 -508.7 159.09 -519.13 174.15 curveto
-524.75 182.25 -538.24 180.61 -539.91 186.61 curveto stroke
 0.6 0.4 0 0.1 setcmykcolor 0 0.84 dtransform truncate idtransform setlinewidth pop
newpath -340.22 51.95 moveto
-391.32 69.51 -399.29 105.47 -410.75 126.71 curveto
-422.29 147.96 -437.49 141.84 -448.84 143.41 curveto
-460.19 144.96 -487.86 158.17 -498.41 162.14 curveto
-508.95 166.1 -508.5 159.31 -518.61 174.68 curveto
-524.05 182.96 -537.34 181.51 -538.9 187.64 curveto stroke
 0 0.9 0.9 0.2 setcmykcolor
newpath -338.57 55.3 moveto
-390.54 72.76 -399 108.8 -410.81 129.93 curveto
-422.62 151.06 -437.85 144.77 -449.24 146.22 curveto
-460.63 147.67 -488.44 160.76 -499.04 164.68 curveto
-509.63 168.61 -509.15 161.8 -519.36 177.16 curveto
-524.85 185.41 -538.09 183.86 -539.67 189.99 curveto stroke
 0 0 0 1 setcmykcolor 0 1.2 dtransform truncate idtransform setlinewidth pop
newpath -539.91 186.61 moveto
-544.67 196.98 -549.92 191.21 -562.4 203.14 curveto stroke
 0.6 0.4 0 0.1 setcmykcolor 0 0.84 dtransform truncate idtransform setlinewidth pop
newpath -538.9 187.64 moveto
-543.51 198.2 -551.76 189.93 -561.62 204.27 curveto stroke
 0 0.9 0.9 0.2 setcmykcolor
newpath -539.67 189.99 moveto
-544.33 200.51 -552.47 192.2 -562.36 206.48 curveto stroke
 0 0 0 1 setcmykcolor 0 1.2 dtransform truncate idtransform setlinewidth pop
newpath -576.24 206.13 moveto
-578.16 201.09 -595.89 212.13 -603.18 207.37 curveto
-610.46 202.61 -608.24 200.87 -613.68 195.77 curveto
-620.41 189.46 -625.31 190.09 -629.42 194.26 curveto
-631.24 196.1 -664.68 214.78 -680.82 223.18 curveto
-696.98 231.59 -706.86 199.1 -718.04 205.53 curveto stroke
 0.6 0.4 0 0.1 setcmykcolor 0 0.84 dtransform truncate idtransform setlinewidth pop
newpath -572.97 208.64 moveto
-575.35 203.33 -593.99 213.7 -601.73 208.58 curveto
-609.46 203.45 -607.18 201.77 -612.97 196.37 curveto
-620.02 189.78 -625.02 190.33 -629.16 194.46 curveto
-630.99 196.29 -664.83 214.62 -681.15 222.83 curveto
-697.51 231.06 -707.45 198.49 -718.85 204.71 curveto stroke
 0 0.9 0.9 0.2 setcmykcolor
newpath -573.66 210.79 moveto
-575.98 205.5 -594.59 215.77 -602.27 210.67 curveto
-609.95 205.56 -607.65 203.9 -613.4 198.52 curveto
-620.41 191.96 -625.4 192.49 -629.55 196.56 curveto
-631.39 198.36 -665.01 216.33 -681.19 224.38 curveto
-697.37 232.42 -707.02 200.21 -718.26 206.3 curveto stroke
 0 0 0 1 setcmykcolor 0 1.2 dtransform truncate idtransform setlinewidth pop
newpath -726.24 185.72 moveto
-704.63 184.73 -719.42 137.25 -720.64 131.98 curveto
-721.87 126.6 -733.69 97.34 -737.62 90.52 curveto
-742.94 81.3 -752.34 91.42 -752.34 91.42 curveto stroke
 0.6 0.4 0 0.1 setcmykcolor 0 0.84 dtransform truncate idtransform setlinewidth pop
newpath -727.26 184.67 moveto
-705.09 184.26 -720.95 135.69 -722.28 130.26 curveto
-723.61 124.82 -736.93 94.25 -744.32 83.21 curveto
-751.68 72.18 -763.09 78.51 -763.09 78.51 curveto stroke
 0 0.9 0.9 0.2 setcmykcolor
newpath -726.42 186.55 moveto
-704.63 186.18 -719.8 138.42 -721.05 133.1 curveto
-722.3 127.78 -735.1 97.81 -742.25 86.97 curveto
-749.41 76.12 -760.65 82.21 -760.65 82.21 curveto stroke
 0 0 0 1 setcmykcolor 0 3.98505 dtransform truncate idtransform setlinewidth pop
newpath -752.34 91.42 moveto 0 0 rlineto stroke
newpath -762.54 78.58 moveto 0 0 rlineto stroke
 0 0.84 dtransform truncate idtransform setlinewidth pop
newpath -752.34 91.42 moveto
-762.54 78.58 lineto stroke
 1 0.85 0 setrgbcolor 0 3.98505 dtransform truncate idtransform setlinewidth pop
newpath -760.65 82.21 moveto 0 0 rlineto stroke
newpath -766.89 77.06 moveto 0 0 rlineto stroke
 0 0.84 dtransform truncate idtransform setlinewidth pop
newpath -752.34 91.42 moveto
-760.65 82.21 lineto
-766.89 77.06 lineto
-762.54 78.58 lineto stroke
showpage
%%EOF
