%!PS
%%BoundingBox: -55 -103 54 101 
%%HiResBoundingBox: -54.30693 -102.01637 53.85 100.42009 
%%Creator: MetaPost 2.11
%%CreationDate: 2025.10.14:2236
%%Pages: 1
%%BeginProlog
%%EndProlog
%%Page: 1 1
 0 0.42001 dtransform truncate idtransform setlinewidth pop [] 0 setdash
 1 setlinecap 1 setlinejoin 10 setmiterlimit
newpath 53.64 -13.78 moveto
46.22 -4.02 42.88 -2.62 41.4 9.13 curveto
41.07 11.77 43.42 14.81 42.21 17.18 curveto
40.63 20.28 36.7 21.46 33.99 23.68 curveto
29.83 27.07 25.35 30.18 21.57 34.1 curveto
16.52 39.33 12.63 48.5 6.52 52.91 curveto
2.29 55.97 -3.63 55.89 -8.05 58.67 curveto
-11.58 60.9 -14.44 64.18 -18.2 66 curveto
-21.18 67.44 -24.55 68.38 -27.86 68.24 curveto
-30.38 68.14 -32.92 63.7 -34.86 65.32 curveto
-39.19 68.93 -35.9 73.22 -38.04 78.44 curveto
-38.84 80.38 -44.61 84.47 -45.08 86.51 curveto
-46.03 90.67 -49.01 95.17 -51.89 99.27 curveto
-52.98 100.83 -54.2 100.37 -54.09 98.47 curveto
-53.9 94.87 -51.87 90.25 -50.47 86.94 curveto
-47.21 79.2 -47.21 75.43 -48.16 66.64 curveto
-48.44 64.06 -49.27 59.56 -49.33 56.97 curveto
-49.58 46.62 -42.64 49.35 -38.46 42.86 curveto
-37.13 40.79 -37.68 38.01 -37.02 35.66 curveto
-35.91 31.77 -31.86 23.87 -33.24 19.04 curveto
-38.04 2.25 -45.61 39.47 -46.84 41.08 curveto
-47.72 42.21 -50.48 42.53 -51.16 41.26 curveto
-55.23 33.72 -47.81 33.19 -46.07 27.89 curveto
-45.01 24.65 -46.15 21.04 -45.55 17.73 curveto
-45.31 16.41 -44.02 15.53 -43.62 14.28 curveto
-42.9 12.04 -43.14 9.4 -42.18 7.15 curveto
-40.83 3.97 -37.47 1.9 -36.98 -1.03 curveto
-36.44 -4.25 -38.44 -7.84 -38.87 -11.45 curveto
-39.76 -19.07 -37.28 -16.1 -35.63 -23.18 curveto
-29.87 -47.87 -32.3 -36.17 -28.74 -44.13 curveto
-27.83 -46.17 -25.52 -50.93 -27.52 -49.57 curveto
-33.65 -45.37 -36.18 -37.24 -42.4 -32.28 curveto
-43.61 -31.32 -45.45 -34.57 -45.12 -36.06 curveto
-44.52 -38.82 -41.78 -40.62 -40.1 -42.85 curveto
-37.5 -46.3 -34.18 -49.18 -32.34 -52.97 curveto
-29.62 -58.59 -31.59 -66.32 -28.75 -72.27 curveto
-27.05 -75.83 -23.61 -78.23 -21.51 -81.53 curveto
-19.39 -84.87 -16.55 -89.97 -14.41 -93.25 curveto
-11.45 -97.78 -14.15 -98.04 -9.5 -100.76 curveto
-7.01 -102.23 -4.38 -102.41 -3.69 -99.6 curveto
-2.86 -96.26 -4.66 -96.29 -6.66 -93.47 curveto
-10.64 -87.87 -8.71 -89.22 -9.32 -79.5 curveto
-9.46 -77.2 -8.98 -73.8 -8.98 -71.5 curveto
-8.98 -65.12 -10.54 -69.05 -14.97 -57.5 curveto
-16.59 -53.28 -18.96 -44.46 -19.65 -40.42 curveto
-19.96 -38.54 -21.46 -34.87 -18.62 -28.96 curveto stroke
newpath -16.78 -8.54 moveto
-16.54 1.9 -16.3 3.13 -13.89 2.84 curveto
-9.29 2.27 -4.71 1.68 -0.39 0.18 curveto
2.73 -0.9 5.26 -3.15 8.18 -4.66 curveto
11.1 -6.17 14.33 -7.15 17.11 -8.89 curveto
25.83 -14.35 33.65 -24.55 44.37 -27.46 curveto
45.93 -27.89 46.88 -27.36 47.94 -27.86 curveto stroke
showpage
%%EOF
