%!PS
%%BoundingBox: -512 -118 508 103 
%%HiResBoundingBox: -511.6 -117.82 507.02 102.78442 
%%Creator: MetaPost 2.11
%%CreationDate: 2025.10.14:2236
%%Pages: 1
%%BeginProlog
%%EndProlog
%%Page: 1 1
 0 0.42001 dtransform truncate idtransform setlinewidth pop [] 0 setdash
 1 setlinecap 1 setlinejoin 10 setmiterlimit
newpath 275.66 -34.55 moveto
271.53 -34.15 248.01 -28.94 237.81 -20.82 curveto
227.61 -12.71 186.54 25.16 183.76 27.11 curveto
180.98 29.06 144.83 37.3 136.43 38.83 curveto
128.04 40.36 122.52 34.88 116.48 33.04 curveto
110.43 31.2 88.72 36.5 83.49 39.84 curveto
78.26 43.18 49.27 64.02 28.93 78.08 curveto
8.59 92.14 -46.99 67.34 -54.76 67.03 curveto
-62.52 66.72 -81.44 60.16 -99.02 58.39 curveto
-116.59 56.62 -131.72 60.31 -140.51 64.57 curveto
-149.29 68.82 -203.34 65.93 -214.91 65.46 curveto
-226.47 65 -258.92 58.07 -271.28 56.21 curveto
-283.63 54.34 -288.94 56.24 -294.21 58.87 curveto
-299.48 61.49 -303.41 62.06 -314.95 61.95 curveto
-326.5 61.85 -336.91 72.67 -342.46 76.75 curveto
-348.01 80.84 -374.74 100.29 -383.48 102.02 curveto
-392.22 103.74 -473.67 100.87 -481.58 101.29 curveto
-489.49 101.71 -504.6 98.91 -511.39 96.56 curveto stroke
newpath -508.42 87.93 moveto
-506.74 89.11 -483.16 95.24 -475.32 96.99 curveto
-467.47 98.73 -424.33 93.01 -418.32 94.32 curveto
-412.3 95.62 -386.29 93.15 -379.66 92.44 curveto
-373.03 91.72 -346.77 73.74 -345.53 73.31 curveto
-344.29 72.89 -329.94 61.49 -325.76 58.75 curveto
-321.58 56 -315.14 58.36 -309.77 57.71 curveto
-304.4 57.07 -284.2 50.4 -276.67 49.64 curveto
-269.14 48.88 -246.38 53.26 -241.8 54.64 curveto
-237.22 56.02 -224.89 57.34 -223.37 58.89 curveto
-221.84 60.43 -192.43 57.6 -181.9 59.02 curveto
-171.37 60.44 -159.61 57.83 -148.04 58.48 curveto
-136.47 59.13 -128.45 54.01 -116.61 53.02 curveto
-104.76 52.03 -70.01 51.44 -61.49 52.25 curveto
-52.98 53.06 -51.66 57.49 -39.16 62.05 curveto
-26.66 66.62 6.22 74.78 12.1 76.81 curveto
17.97 78.84 18.41 73.59 26.51 69.92 curveto
34.61 66.24 55.36 49.81 67.13 40.53 curveto
78.89 31.25 86.86 28.67 96.06 21.87 curveto
105.25 15.07 115.74 12.35 124.56 12.06 curveto
133.37 11.77 129.79 19 131.14 23.97 curveto
132.48 28.95 144.68 21.09 150.85 21.84 curveto
157.02 22.59 171.03 21.66 177.48 20.96 curveto
183.94 20.25 193.03 -8.71 197.64 -16.88 curveto
202.26 -25.06 224.11 -27.57 230.56 -31.79 curveto
238.05 -36.7 256.06 -40.36 266.99 -41.66 curveto stroke
newpath 266.99 -41.66 moveto
266.99 -41.66 297.52 -57.35 306.01 -60.33 curveto
314.5 -63.3 350.91 -80.38 333.76 -77.48 curveto
316.6 -74.59 316.41 -74.76 312.65 -70.95 curveto
308.89 -67.15 295.63 -55.45 290.31 -57.33 curveto
284.98 -59.2 286.65 -71.73 282.34 -71.5 curveto
278.02 -71.28 238.47 -42.31 232.26 -40.54 curveto
226.04 -38.77 199.37 -38.61 191.44 -38.73 curveto
183.5 -38.84 171.47 -34.6 164.55 -35.85 curveto
157.63 -37.1 112.34 -44.79 105.28 -45.31 curveto stroke
newpath 108.86 -62.81 moveto
123.53 -64.85 176.79 -59.94 182.63 -58.44 curveto
188.48 -56.95 208.14 -46.65 218.85 -51.9 curveto
229.57 -57.16 274.6 -81.37 280.6 -83.85 curveto
286.59 -86.33 290.66 -77.72 295.46 -79.05 curveto
300.25 -80.39 312.44 -88.42 316.5 -90.08 curveto
320.55 -91.74 339.34 -84.27 346.22 -83.73 curveto
353.1 -83.2 366.43 -90.04 365.47 -94.49 curveto
364.51 -98.95 360.94 -111.92 358.72 -116.48 curveto stroke
newpath 373.08 -117.61 moveto
374.92 -113.38 377.15 -98.54 382.69 -99.56 curveto
388.22 -100.57 406.92 -111.66 412.75 -113.96 curveto
418.57 -116.25 431.62 -108.29 439.37 -108.16 curveto
447.13 -108.03 478.75 -99.8 482.45 -94.59 curveto
486.16 -89.38 499.96 -70.47 506.81 -67.05 curveto stroke
newpath 496.5 -57.49 moveto
488.49 -62.47 444.61 -77.44 439.32 -78.6 curveto
434.03 -79.76 427.5 -83.92 417.63 -83.21 curveto
407.75 -82.51 402.05 -81.3 393.17 -78.84 curveto
384.28 -76.39 370.89 -70.63 361 -66.86 curveto
351.11 -63.08 326.55 -57.09 312.46 -50.93 curveto
298.36 -44.78 279.03 -35.46 275.66 -34.55 curveto stroke
showpage
%%EOF
