%!PS
%%BoundingBox: -291 -914 285 910 
%%HiResBoundingBox: -290.67252 -913.16 284.61 909.71252 
%%Creator: MetaPost 2.11
%%CreationDate: 2025.10.14:2236
%%Pages: 1
%%BeginProlog
%%EndProlog
%%Page: 1 1
 0 0 0 1 setcmykcolor 0 1.2 dtransform truncate idtransform setlinewidth pop
 [] 0 setdash 1 setlinecap 1 setlinejoin 10 setmiterlimit
newpath -78.86 -106.73 moveto
-28.53 -136.43 -18.27 -167.26 -5.02 -175.52 curveto
8.24 -183.79 28.34 -198.93 33.4 -212.18 curveto
38.46 -225.42 36.34 -238.27 65.14 -245.56 curveto
93.96 -252.86 119.24 -245.21 126.2 -249.9 curveto
133.16 -254.59 139.58 -249.16 142.44 -263.02 curveto
145.31 -276.87 139.17 -290.61 135.51 -305.2 curveto
131.86 -319.78 112.9 -344.01 125.43 -359.09 curveto
137.97 -374.18 149 -376.93 152.87 -385.42 curveto
156.74 -393.92 177.94 -415.6 177.48 -431.07 curveto
177.01 -446.56 180.62 -466.93 179.61 -479.14 curveto
178.6 -491.35 178.91 -505.78 186.04 -514.09 curveto
193.17 -522.41 211.76 -545.75 216.48 -558.62 curveto
221.2 -571.48 230.94 -598.33 235.86 -607.6 curveto
240.77 -616.88 250.6 -628.57 252.77 -642.02 curveto
254.94 -655.47 258.79 -664.33 260.81 -673.82 curveto
262.83 -683.3 267.18 -689.65 258.55 -696.04 curveto
249.91 -702.43 234.81 -708.48 232.19 -716.99 curveto
229.58 -725.51 229.67 -737.4 224 -755.85 curveto
218.33 -774.3 189.16 -821.05 183.26 -823.62 curveto
177.35 -826.19 176.84 -829.04 174.92 -837.96 curveto
173.01 -846.87 155.52 -850.26 145.7 -851.9 curveto
135.88 -853.54 113.45 -861.72 108.96 -871.57 curveto
104.47 -881.43 99.12 -907.46 96.85 -909.5 curveto stroke
 0.6 0.4 0 0.1 setcmykcolor 0 0.84 dtransform truncate idtransform setlinewidth pop
newpath -78.88 -106.66 moveto
-28.55 -136.38 -18.29 -167.21 -5.03 -175.49 curveto
8.23 -183.76 28.33 -198.89 33.39 -212.14 curveto
38.45 -225.39 36.33 -238.25 65.14 -245.56 curveto
93.95 -252.86 119.24 -245.19 126.2 -249.89 curveto
133.16 -254.59 139.58 -249.16 142.44 -263.01 curveto
145.31 -276.87 139.17 -290.6 135.51 -305.19 curveto
131.85 -319.77 112.9 -344 125.43 -359.08 curveto
137.96 -374.17 148.99 -376.92 152.87 -385.42 curveto
156.74 -393.92 177.94 -415.59 177.47 -431.07 curveto
177.01 -446.55 180.62 -466.93 179.61 -479.13 curveto
178.6 -491.34 178.91 -505.78 186.04 -514.09 curveto
193.17 -522.4 211.75 -545.74 216.47 -558.61 curveto
221.19 -571.47 230.94 -598.31 235.85 -607.59 curveto
240.77 -616.86 250.6 -628.56 252.77 -642.02 curveto
254.94 -655.47 258.79 -664.33 260.81 -673.81 curveto
262.83 -683.29 267.18 -689.65 258.55 -696.04 curveto
249.91 -702.43 234.81 -708.48 232.19 -716.99 curveto
229.58 -725.5 229.67 -737.4 224 -755.85 curveto
218.33 -774.29 189.16 -821.05 183.26 -823.62 curveto
177.35 -826.19 176.84 -829.04 174.92 -837.95 curveto
173.01 -846.86 155.52 -850.26 145.7 -851.9 curveto
135.87 -853.54 113.45 -861.72 108.96 -871.57 curveto
104.47 -881.43 99.12 -907.46 96.84 -909.5 curveto stroke
 0 0.9 0.9 0.2 setcmykcolor
newpath -78.88 -106.67 moveto
-28.55 -136.38 -18.29 -167.21 -5.03 -175.49 curveto
8.23 -183.77 28.33 -198.9 33.39 -212.14 curveto
38.46 -225.39 36.33 -238.26 65.14 -245.56 curveto
93.95 -252.86 119.24 -245.19 126.2 -249.89 curveto
133.16 -254.59 139.57 -249.16 142.44 -263.01 curveto
145.31 -276.87 139.17 -290.6 135.51 -305.18 curveto
131.85 -319.77 112.89 -344 125.43 -359.08 curveto
137.97 -374.17 149 -376.92 152.87 -385.42 curveto
156.74 -393.92 177.94 -415.6 177.48 -431.07 curveto
177.01 -446.55 180.61 -466.93 179.6 -479.13 curveto
178.59 -491.34 178.91 -505.78 186.04 -514.09 curveto
193.16 -522.4 211.75 -545.74 216.47 -558.61 curveto
221.19 -571.48 230.94 -598.31 235.86 -607.59 curveto
240.77 -616.86 250.6 -628.56 252.77 -642.01 curveto
254.94 -655.47 258.79 -664.33 260.81 -673.81 curveto
262.83 -683.29 267.18 -689.65 258.54 -696.04 curveto
249.91 -702.43 234.81 -708.47 232.19 -716.99 curveto
229.58 -725.5 229.66 -737.4 224 -755.85 curveto
218.33 -774.29 189.16 -821.05 183.26 -823.62 curveto
177.35 -826.19 176.84 -829.04 174.92 -837.95 curveto
173 -846.86 155.52 -850.26 145.7 -851.9 curveto
135.88 -853.54 113.45 -861.72 108.96 -871.57 curveto
104.47 -881.43 99.12 -907.46 96.85 -909.5 curveto stroke
 0 0 0 1 setcmykcolor 0 1.2 dtransform truncate idtransform setlinewidth pop
newpath -263.56 854.01 moveto
-262.17 858.29 -261.19 871.53 -261.6 867.74 curveto
-262.45 859.8 -281.73 841.57 -271.05 835.95 curveto
-259.53 829.88 -254.09 830.29 -252.91 826.43 curveto
-251.79 822.74 -239.83 785.84 -239.47 775.95 curveto
-239.07 764.88 -227.92 721.2 -227.73 713.51 curveto
-227.54 705.92 -226.88 685.22 -225.08 679.91 curveto
-223.26 674.53 -215.51 656.78 -217.35 649.66 curveto
-219.17 642.62 -224.62 642.13 -222.75 630.22 curveto
-220.84 618.12 -220.15 616.62 -223.43 609.15 curveto
-226.68 601.74 -232.88 588.49 -229.97 576.2 curveto
-227.01 563.74 -226.14 544.75 -222.63 535.89 curveto
-219.15 527.09 -208.71 508.35 -210.37 497.68 curveto
-212.03 486.93 -229.52 475.92 -233.38 471.08 curveto
-237.25 466.23 -239.45 465.25 -233.71 451.65 curveto
-227.93 437.97 -216.32 419.35 -213.74 413.83 curveto
-211.15 408.29 -216.13 395.51 -218.46 385.13 curveto
-220.8 374.75 -224.66 349.74 -226.61 340.52 curveto
-228.57 331.31 -235.14 316.95 -237.75 308.44 curveto
-240.37 299.91 -245.32 280.63 -242.2 258.14 curveto
-239.1 235.69 -235.74 238.04 -237.84 225.52 curveto
-239.94 212.97 -236.31 206.26 -234.62 197.12 curveto
-232.93 187.99 -225.69 154.82 -223.43 136.74 curveto
-221.17 118.64 -216.89 111.21 -218.51 100.83 curveto
-220.14 90.43 -213.57 44.69 -205.43 28.41 curveto
-197.27 12.08 -180.8 -37.9 -167.75 -43.27 curveto
-154.7 -48.64 -134.95 -15.73 -121.53 -20.77 curveto
-108.09 -25.82 -95.95 -21.43 -86.15 -40.34 curveto
-76.34 -59.24 -75.85 -56.74 -58.19 -77.15 curveto
-44.48 -92.99 -14.08 -135.75 -72.71 -92.62 curveto stroke
 0.6 0.4 0 0.1 setcmykcolor 0 0.84 dtransform truncate idtransform setlinewidth pop
newpath -279.01 887.82 moveto
-272.01 883.84 -262.23 877.92 -263.22 872.92 curveto
-264.21 867.93 -288.51 858.41 -276.31 850.55 curveto
-264.11 842.69 -258.32 843.1 -257.09 839.07 curveto
-255.86 835.04 -240.04 786.97 -239.53 776.13 curveto
-239.03 765.29 -228.65 723.27 -228.35 715.33 curveto
-228.05 707.38 -227.04 685.69 -225.18 680.19 curveto
-223.31 674.68 -215.59 656.96 -217.41 649.85 curveto
-219.23 642.73 -224.66 642.3 -222.78 630.3 curveto
-220.89 618.31 -220.25 616.83 -223.53 609.44 curveto
-226.81 602.04 -232.93 588.67 -229.99 576.26 curveto
-227.04 563.84 -226.24 545.05 -222.74 536.21 curveto
-219.25 527.37 -208.72 508.43 -210.37 497.7 curveto
-212.03 486.97 -229.55 476.01 -233.41 471.17 curveto
-237.28 466.33 -239.49 465.36 -233.73 451.72 curveto
-227.97 438.07 -216.34 419.43 -213.76 413.88 curveto
-211.17 408.34 -216.17 395.63 -218.52 385.3 curveto
-220.87 374.97 -224.73 349.94 -226.67 340.67 curveto
-228.6 331.4 -235.14 316.96 -237.75 308.45 curveto
-240.37 299.94 -245.36 280.73 -242.23 258.22 curveto
-239.1 235.7 -235.73 238.04 -237.84 225.54 curveto
-239.95 213.03 -236.34 206.35 -234.66 197.25 curveto
-232.98 188.14 -225.74 154.95 -223.46 136.8 curveto
-221.18 118.66 -216.89 111.22 -218.52 100.85 curveto
-220.15 90.48 -213.58 44.71 -205.44 28.41 curveto
-197.29 12.12 -180.84 -37.79 -167.79 -43.17 curveto
-154.74 -48.55 -134.96 -15.72 -121.53 -20.76 curveto
-108.1 -25.8 -95.97 -21.4 -86.16 -40.3 curveto
-76.35 -59.21 -75.86 -56.71 -58.2 -77.12 curveto
-44.47 -92.98 -14.09 -135.71 -72.72 -92.57 curveto stroke
 0 0.9 0.9 0.2 setcmykcolor
newpath -279.01 887.82 moveto
-272.01 883.84 -262.23 877.92 -263.22 872.92 curveto
-264.21 867.93 -288.51 858.41 -276.31 850.55 curveto
-264.11 842.69 -258.32 843.1 -257.09 839.07 curveto
-255.86 835.04 -240.04 786.97 -239.53 776.12 curveto
-239.03 765.28 -228.65 723.27 -228.35 715.32 curveto
-228.05 707.38 -227.04 685.69 -225.17 680.19 curveto
-223.3 674.68 -215.59 656.96 -217.41 649.85 curveto
-219.23 642.74 -224.67 642.31 -222.78 630.31 curveto
-220.9 618.31 -220.25 616.83 -223.53 609.44 curveto
-226.81 602.04 -232.93 588.67 -229.98 576.25 curveto
-227.04 563.84 -226.24 545.05 -222.74 536.21 curveto
-219.25 527.37 -208.72 508.43 -210.37 497.7 curveto
-212.03 486.97 -229.55 476.01 -233.42 471.17 curveto
-237.28 466.33 -239.49 465.36 -233.73 451.72 curveto
-227.97 438.07 -216.34 419.43 -213.75 413.88 curveto
-211.17 408.34 -216.17 395.62 -218.52 385.29 curveto
-220.87 374.97 -224.73 349.93 -226.67 340.66 curveto
-228.6 331.39 -235.14 316.96 -237.75 308.45 curveto
-240.37 299.94 -245.36 280.73 -242.23 258.22 curveto
-239.1 235.7 -235.73 238.04 -237.84 225.54 curveto
-239.95 213.03 -236.34 206.35 -234.66 197.25 curveto
-232.98 188.14 -225.74 154.95 -223.46 136.81 curveto
-221.18 118.66 -216.89 111.22 -218.52 100.85 curveto
-220.16 90.48 -213.58 44.71 -205.44 28.41 curveto
-197.29 12.12 -180.84 -37.79 -167.79 -43.17 curveto
-154.74 -48.55 -134.96 -15.71 -121.53 -20.76 curveto
-108.1 -25.8 -95.97 -21.4 -86.16 -40.3 curveto
-76.35 -59.21 -75.86 -56.72 -58.2 -77.12 curveto
-44.47 -92.98 -14.09 -135.71 -72.72 -92.57 curveto stroke
 0 0 0 1 setcmykcolor 0 1.2 dtransform truncate idtransform setlinewidth pop
newpath 113.63 -912.56 moveto
114.81 -903.97 113.63 -885.52 118.91 -881.12 curveto
124.19 -876.71 134.26 -863.55 140.54 -867.49 curveto
146.82 -871.43 148.69 -876.94 153.23 -879.7 curveto
157.77 -882.47 162.8 -889.58 168.86 -884.14 curveto
174.92 -878.69 181.74 -858.87 185.06 -850.76 curveto
188.38 -842.64 205 -828.38 212.42 -817.61 curveto
219.85 -806.83 234.9 -781.31 240.76 -766.12 curveto
246.61 -750.92 246.05 -734.31 254.29 -728.62 curveto
262.52 -722.93 273.18 -712.33 272.83 -725.65 curveto
272.49 -738.97 273.15 -740.09 272.98 -743.32 curveto stroke
 0.6 0.4 0 0.1 setcmykcolor 0 0.84 dtransform truncate idtransform setlinewidth pop
newpath 113.63 -912.56 moveto
114.8 -903.97 113.62 -885.52 118.91 -881.12 curveto
124.19 -876.71 134.26 -863.55 140.54 -867.49 curveto
146.82 -871.43 148.69 -876.94 153.23 -879.7 curveto
157.77 -882.47 162.8 -889.58 168.86 -884.14 curveto
174.92 -878.69 181.74 -858.87 185.06 -850.75 curveto
188.37 -842.64 205 -828.38 212.42 -817.6 curveto
219.84 -806.82 234.9 -781.3 240.76 -766.11 curveto
246.61 -750.92 246.05 -734.31 254.29 -728.62 curveto
262.52 -722.93 273.18 -712.32 272.83 -725.64 curveto
272.48 -738.96 273.14 -740.08 272.97 -743.31 curveto stroke
 0 0.9 0.9 0.2 setcmykcolor
newpath 113.63 -912.56 moveto
114.81 -903.97 113.63 -885.52 118.91 -881.12 curveto
124.19 -876.71 134.26 -863.55 140.54 -867.49 curveto
146.82 -871.43 148.69 -876.93 153.23 -879.7 curveto
157.77 -882.46 162.8 -889.58 168.86 -884.14 curveto
174.92 -878.69 181.74 -858.87 185.06 -850.75 curveto
188.37 -842.64 204.99 -828.38 212.42 -817.6 curveto
219.84 -806.82 234.9 -781.3 240.75 -766.11 curveto
246.61 -750.92 246.05 -734.31 254.29 -728.62 curveto
262.52 -722.93 273.18 -712.32 272.83 -725.64 curveto
272.48 -738.96 273.14 -740.08 272.97 -743.31 curveto stroke
 0 0 0 1 setcmykcolor 0 1.2 dtransform truncate idtransform setlinewidth pop
newpath 284.01 -739.23 moveto
282.43 -721.48 281.46 -692.21 280.13 -683.49 curveto
278.79 -674.77 277.63 -655.96 270.6 -639 curveto
263.57 -622.05 248.08 -574.35 239.08 -560.53 curveto
230.09 -546.72 218.94 -519.1 213.14 -506.16 curveto
207.34 -493.24 199.63 -468.67 199.03 -459.62 curveto
198.43 -450.58 193.43 -429.4 184.88 -413.8 curveto
176.34 -398.21 157.76 -368.02 161.99 -356.35 curveto
166.22 -344.68 181.1 -336.1 188.49 -339.38 curveto
195.89 -342.66 233.24 -379.27 243.56 -388.48 curveto stroke
 0.6 0.4 0 0.1 setcmykcolor 0 0.84 dtransform truncate idtransform setlinewidth pop
newpath 284.01 -739.21 moveto
282.43 -721.47 281.46 -692.21 280.12 -683.49 curveto
278.79 -674.77 277.62 -655.96 270.59 -639 curveto
263.57 -622.04 248.08 -574.35 239.08 -560.53 curveto
230.08 -546.71 218.94 -519.08 213.14 -506.16 curveto
207.34 -493.23 199.63 -468.66 199.03 -459.62 curveto
198.43 -450.57 193.43 -429.4 184.88 -413.8 curveto
176.34 -398.2 157.76 -368.02 161.99 -356.35 curveto
166.21 -344.67 181.09 -336.09 188.49 -339.37 curveto
195.88 -342.65 233.23 -379.24 243.55 -388.44 curveto stroke
 0 0.9 0.9 0.2 setcmykcolor
newpath 284.01 -739.21 moveto
282.43 -721.46 281.46 -692.21 280.12 -683.49 curveto
278.78 -674.76 277.62 -655.96 270.59 -639 curveto
263.57 -622.04 248.08 -574.35 239.08 -560.53 curveto
230.08 -546.71 218.94 -519.08 213.14 -506.16 curveto
207.33 -493.23 199.63 -468.66 199.03 -459.62 curveto
198.43 -450.58 193.43 -429.4 184.89 -413.8 curveto
176.34 -398.21 157.76 -368.02 161.99 -356.34 curveto
166.21 -344.67 181.09 -336.09 188.49 -339.37 curveto
195.88 -342.65 233.23 -379.24 243.56 -388.45 curveto stroke
 0 0 0 1 setcmykcolor 0 1.2 dtransform truncate idtransform setlinewidth pop
newpath 256.25 -380.51 moveto
248.68 -373.61 219.64 -336.72 211.62 -324.75 curveto
203.6 -312.78 206.24 -303.9 193.34 -295.65 curveto
180.44 -287.4 165.58 -275.43 164.56 -267.45 curveto
163.55 -259.46 161.65 -247.82 150.14 -240.35 curveto
138.64 -232.89 105.59 -230.79 88.49 -220.14 curveto
71.4 -209.5 49.56 -186.36 45.04 -176.38 curveto
40.52 -166.39 28.66 -138.72 16.71 -126.2 curveto
4.76 -113.68 -12.18 -79.6 -23.52 -69.26 curveto
-34.87 -58.93 -36.14 -49.11 -54.59 -36.58 curveto
-73.02 -24.07 -100.67 -8.53 -120.8 -0.25 curveto
-140.89 8.02 -182.17 24.98 -189.7 39.46 curveto
-197.22 53.91 -196.18 86.62 -200.88 107.11 curveto
-205.56 127.54 -211.91 169.56 -215.33 186.69 curveto
-218.76 203.86 -227.44 224.6 -225.02 236.02 curveto
-222.61 247.41 -218.14 243.2 -219.48 258.37 curveto
-220.82 273.56 -226.14 282.15 -222.87 289.57 curveto
-219.6 296.99 -217.84 296.53 -212.4 310.29 curveto
-206.97 324.01 -203.78 348.97 -202.28 356.81 curveto
-200.78 364.67 -190.95 394.93 -194.44 411.05 curveto
-197.9 427.04 -203.2 442.07 -204.27 449.36 curveto
-205.33 456.64 -211.34 458.79 -206.07 469.65 curveto
-200.79 480.54 -187.05 474.33 -184.85 481.79 curveto
-182.65 489.24 -185.3 513.47 -189.21 520.84 curveto
-193.13 528.22 -205.15 539.29 -207.72 545.21 curveto
-210.31 551.17 -213.09 553.88 -208.28 563.05 curveto
-203.49 572.18 -198.54 576.16 -199.71 587.73 curveto
-200.88 599.26 -206.43 610.43 -205.23 620.2 curveto
-204.02 629.95 -196.99 632.35 -199.53 645.43 curveto
-202.08 658.55 -206.08 666.1 -209.35 678.9 curveto
-212.51 691.27 -214.68 719.88 -216.91 731.32 curveto
-219.23 743.24 -224.85 764.68 -226.18 774.44 curveto
-227.4 783.41 -241.13 819.16 -242.87 828.48 curveto
-244.85 839.05 -252.34 868.29 -245.73 853.87 curveto stroke
 0.6 0.4 0 0.1 setcmykcolor 0 0.84 dtransform truncate idtransform setlinewidth pop
newpath 256.24 -380.47 moveto
248.67 -373.58 219.63 -336.7 211.62 -324.74 curveto
203.6 -312.78 206.24 -303.9 193.34 -295.65 curveto
180.44 -287.39 165.57 -275.42 164.56 -267.44 curveto
163.54 -259.45 161.64 -247.81 150.14 -240.35 curveto
138.64 -232.89 105.58 -230.77 88.49 -220.12 curveto
71.39 -209.48 49.55 -186.32 45.03 -176.35 curveto
40.52 -166.37 28.65 -138.7 16.7 -126.17 curveto
4.75 -113.64 -12.19 -79.57 -23.53 -69.24 curveto
-34.88 -58.9 -36.16 -49.09 -54.6 -36.57 curveto
-73.04 -24.06 -100.69 -8.53 -120.8 -0.25 curveto
-140.91 8.03 -182.18 25.01 -189.71 39.47 curveto
-197.23 53.93 -196.2 86.68 -200.88 107.12 curveto
-205.56 127.56 -211.97 169.72 -215.39 186.85 curveto
-218.8 203.97 -227.44 224.62 -225.03 236.03 curveto
-222.62 247.44 -218.15 243.23 -219.51 258.45 curveto
-220.86 273.66 -226.17 282.24 -222.89 289.63 curveto
-219.61 297.03 -217.84 296.57 -212.42 310.35 curveto
-207 324.12 -203.86 349.19 -202.36 357.04 curveto
-200.86 364.89 -190.97 395 -194.44 411.05 curveto
-197.91 427.1 -203.24 442.16 -204.29 449.43 curveto
-205.35 456.7 -211.36 458.82 -206.09 469.71 curveto
-200.83 480.61 -187.1 474.47 -184.9 481.92 curveto
-182.7 489.38 -185.37 513.67 -189.3 521.09 curveto
-193.23 528.51 -205.26 539.61 -207.83 545.51 curveto
-210.4 551.42 -213.14 554.09 -208.33 563.21 curveto
-203.52 572.32 -198.61 576.39 -199.8 587.99 curveto
-200.98 599.58 -206.52 610.69 -205.28 620.36 curveto
-204.05 630.03 -197.06 632.54 -199.61 645.66 curveto
-202.16 658.77 -206.09 666.19 -209.38 678.99 curveto
-212.66 691.78 -215.39 721.85 -217.65 733.5 curveto
-219.91 745.16 -224.97 765.26 -226.27 774.7 curveto
-227.57 784.14 -244.93 830.49 -246.89 841.05 curveto
-248.85 851.61 -253.97 877.48 -252.84 884.99 curveto stroke
 0 0.9 0.9 0.2 setcmykcolor
newpath 256.24 -380.47 moveto
248.67 -373.58 219.63 -336.7 211.62 -324.74 curveto
203.6 -312.78 206.24 -303.9 193.34 -295.65 curveto
180.44 -287.39 165.58 -275.42 164.56 -267.44 curveto
163.54 -259.45 161.64 -247.81 150.14 -240.35 curveto
138.64 -232.89 105.58 -230.77 88.49 -220.12 curveto
71.39 -209.48 49.55 -186.33 45.03 -176.35 curveto
40.52 -166.38 28.65 -138.71 16.7 -126.17 curveto
4.75 -113.64 -12.18 -79.57 -23.53 -69.23 curveto
-34.88 -58.9 -36.16 -49.1 -54.6 -36.58 curveto
-73.04 -24.06 -100.69 -8.53 -120.8 -0.25 curveto
-140.91 8.03 -182.18 25.01 -189.71 39.47 curveto
-197.23 53.93 -196.2 86.69 -200.88 107.12 curveto
-205.56 127.56 -211.97 169.72 -215.39 186.85 curveto
-218.8 203.97 -227.44 224.62 -225.03 236.03 curveto
-222.62 247.44 -218.15 243.23 -219.51 258.45 curveto
-220.86 273.66 -226.17 282.24 -222.89 289.63 curveto
-219.62 297.03 -217.84 296.57 -212.42 310.34 curveto
-207 324.12 -203.86 349.18 -202.36 357.04 curveto
-200.86 364.89 -190.97 395 -194.44 411.05 curveto
-197.91 427.1 -203.24 442.16 -204.29 449.43 curveto
-205.35 456.7 -211.36 458.82 -206.09 469.71 curveto
-200.83 480.61 -187.1 474.47 -184.9 481.92 curveto
-182.7 489.38 -185.37 513.67 -189.3 521.09 curveto
-193.23 528.51 -205.26 539.61 -207.83 545.51 curveto
-210.4 551.42 -213.14 554.09 -208.33 563.2 curveto
-203.52 572.32 -198.61 576.39 -199.8 587.99 curveto
-200.98 599.59 -206.52 610.7 -205.28 620.36 curveto
-204.05 630.03 -197.07 632.54 -199.61 645.66 curveto
-202.16 658.77 -206.09 666.19 -209.37 678.98 curveto
-212.66 691.78 -215.38 721.84 -217.65 733.5 curveto
-219.91 745.16 -224.97 765.26 -226.27 774.7 curveto
-227.57 784.14 -244.93 830.49 -246.89 841.05 curveto
-248.85 851.61 -253.96 877.48 -252.84 884.99 curveto stroke
 0 0 0 1 setcmykcolor 0 3.98505 dtransform truncate idtransform setlinewidth pop
newpath -288.68 907.71 moveto 0 0 rlineto stroke
newpath -263.56 854.01 moveto 0 0 rlineto stroke
 0 0.84 dtransform truncate idtransform setlinewidth pop
newpath -288.68 907.71 moveto
-263.56 854.01 lineto stroke
 1 0.85 0 setrgbcolor 0 3.98505 dtransform truncate idtransform setlinewidth pop
newpath -288.68 907.72 moveto 0 0 rlineto stroke
newpath -279.01 887.82 moveto 0 0 rlineto stroke
 0 0.84 dtransform truncate idtransform setlinewidth pop
newpath -288.68 907.71 moveto
-288.68 907.72 lineto
-279.01 887.82 lineto
-263.56 854.01 lineto stroke
showpage
%%EOF
