%!PS
%%BoundingBox: -250 -152 245 266 
%%HiResBoundingBox: -249.19 -151.95035 244.18729 265.66 
%%Creator: MetaPost 2.11
%%CreationDate: 2025.10.14:2236
%%Pages: 1
%%BeginProlog
%%EndProlog
%%Page: 1 1
 0 0.42001 dtransform truncate idtransform setlinewidth pop [] 0 setdash
 1 setlinecap 1 setlinejoin 10 setmiterlimit
newpath 149.04 -52.66 moveto
143.75 -52.72 139.3 -57.71 133.47 -50.97 curveto
127.66 -44.27 131.68 -42.61 125.9 -38.89 curveto
120.5 -35.42 118.03 -33.67 112.69 -30.99 curveto
107.19 -28.22 90.38 -16.83 79.48 -12.59 curveto
69.49 -8.7 43.67 2.05 40.43 3.21 curveto
37.16 4.38 28.9 7.58 24.99 10.98 curveto
21.16 14.32 18.57 17.37 16.71 19.62 curveto
14.86 21.86 13.14 29.3 10.52 32.17 curveto
7.9 35.04 3.88 38.52 1.82 40.43 curveto
-0.22 42.32 -5.54 48.08 -8.27 49.99 curveto
-11.01 51.89 -18.43 57.08 -22.69 58.58 curveto
-26.98 60.08 -32.74 58.63 -38.76 66.23 curveto
-44.71 73.74 -47.95 79.64 -51.08 84.26 curveto
-54.22 88.88 -59.38 98.98 -62.94 99.88 curveto
-66.5 100.79 -66.1 102.98 -72.84 100.59 curveto
-89.07 94.82 -95.41 91.58 -99.45 90.73 curveto
-103.49 89.88 -110.18 87.02 -111.64 92.83 curveto
-113.11 98.64 -113.96 102.82 -115.41 106.13 curveto
-116.87 109.45 -125.93 136.73 -126.1 140.72 curveto
-126.27 144.71 -126.16 147.04 -127.04 150.88 curveto
-127.92 154.7 -130.62 164.72 -133.01 170.97 curveto
-135.4 177.24 -136.82 178.04 -139.24 183.76 curveto
-141.66 189.47 -142.03 199.01 -147.21 203.04 curveto
-152.39 207.07 -149.01 206.36 -153.29 207.11 curveto
-157.57 207.86 -196.81 218.86 -207.63 222.87 curveto
-218.46 226.88 -220.64 230.25 -225.23 235.72 curveto
-229.83 241.18 -232.56 244.21 -233.46 247.87 curveto
-234.36 251.52 -238.53 265.45 -238.53 265.45 curveto stroke
newpath -248.98 265.44 moveto
-248.98 265.44 -247.39 257.6 -247.7 251.49 curveto
-248 245.37 -247.24 235.78 -247.36 233.44 curveto
-247.48 231.11 -248.24 223.4 -244.73 221.61 curveto
-241.22 219.8 -236.64 202.58 -235.24 201.6 curveto
-233.85 200.62 -213.17 180.01 -209.91 176.59 curveto stroke
newpath -209.91 176.59 moveto
-147.76 135.47 lineto stroke
newpath -147.76 135.47 moveto
-136.93 132.59 -132.39 105.57 -130.45 98.09 curveto
-128.52 90.64 -127.43 81.8 -124.53 76.11 curveto
-121.61 70.39 -119.37 68.48 -117.89 65.52 curveto
-116.41 62.55 -103.89 30.06 -97.65 27.55 curveto
-91.42 25.04 -96.11 25.1 -85.47 24.73 curveto
-74.85 24.36 -75.9 25.15 -68.54 24.6 curveto
-61.17 24.04 -57.63 21.86 -53.52 20.74 curveto
-49.41 19.62 -49.12 17.6 -43.51 18.42 curveto
-37.91 19.23 -36.96 21 -30.37 20.15 curveto
-23.81 19.31 -24.01 18.6 -17.55 15.42 curveto
-11.09 12.24 -9.9 10.37 -4.87 7.44 curveto
0.15 4.52 3.48 4.4 7.88 4.38 curveto
12.35 4.37 13.44 4.48 17.84 3.11 curveto
22.36 1.71 34.9 -4.56 40.65 -10.77 curveto
46.35 -16.92 45.28 -17.56 49.93 -21.23 curveto
54.54 -24.85 51.31 -21.88 62.62 -25.87 curveto
72.51 -29.36 80.9 -31.95 83.97 -33.65 curveto
87.22 -35.44 96.61 -39.23 98.18 -42.83 curveto
99.69 -46.33 101.96 -51.32 98.31 -53.09 curveto
95.1 -54.64 89.66 -57.57 89.66 -57.57 curveto stroke
newpath 94.22 -76.03 moveto
98.56 -74.77 108.33 -70.71 112.54 -70.03 curveto
117.61 -69.21 113.43 -64.06 120.6 -69.48 curveto
127.72 -74.86 134.84 -76.68 140.33 -81.27 curveto
146.78 -86.66 147.62 -87.1 149.27 -92.17 curveto
150.84 -97 156.47 -101.55 159.17 -103.63 curveto
161.83 -105.69 162.7 -106.61 167.35 -110.7 curveto
172.18 -114.95 171.14 -116.59 177.17 -117.28 curveto
183.31 -117.98 185.94 -117.58 190.18 -118.05 curveto
194.38 -118.52 200.61 -118.18 205.59 -123.48 curveto
210.48 -128.69 213.69 -131.36 211.81 -133.13 curveto stroke
newpath 211.81 -133.13 moveto
205.36 -134 194.84 -144.97 197.41 -149.3 curveto
199.98 -153.64 230.85 -151.51 237.42 -148.19 curveto
243.98 -144.87 237.08 -141.65 235.01 -139.99 curveto stroke
newpath 235.01 -139.99 moveto
230.36 -138.96 225.02 -138.97 231.58 -137.24 curveto
238.14 -135.51 240.41 -135.52 241.47 -133.84 curveto
242.53 -132.18 245.69 -131.14 242.77 -128.27 curveto
239.87 -125.42 235.61 -121.7 231.3 -121.24 curveto
227.01 -120.79 219.84 -119.13 217.81 -117.6 curveto
215.76 -116.04 207.23 -109.78 205.33 -109.53 curveto
203.43 -109.29 197.01 -106.42 195.09 -106.32 curveto
193.17 -106.21 189.09 -106.64 183.17 -100.15 curveto
177.67 -94.12 175.5 -92.96 172.44 -90.55 curveto
169.34 -88.12 161.95 -78.21 159.4 -75.05 curveto
157.1 -72.18 159.83 -71.32 153.43 -70.13 curveto
147.14 -68.96 139.49 -63.83 138.15 -62.39 curveto
136.75 -60.88 126.51 -51.56 146.35 -61.6 curveto stroke
newpath -213.13 192.11 moveto
-215.24 196.39 -212.42 199.3 -208.33 198 curveto
-204.24 196.7 -192.66 193.76 -189.66 192.52 curveto
-186.67 191.29 -174.58 188.73 -170.69 187.64 curveto
-167.43 186.73 -155.63 183.87 -152.5 181.74 curveto
-149.37 179.6 -148.2 181.52 -146.95 177.49 curveto
-145.71 173.45 -142.74 163.9 -142.2 160.45 curveto
-141.66 157.01 -139.63 147.92 -139.3 143.75 curveto stroke
newpath -139.3 143.75 moveto
-139.3 143.75 -139.4 141.59 -139.8 140.7 curveto
-140.2 139.82 -145.06 143.3 -148.47 146.89 curveto
-151.88 150.47 -164.87 156.33 -170.47 159.3 curveto
-176.08 162.28 -182.12 167.26 -184.68 169.91 curveto
-187.25 172.57 -189.95 172.52 -197.79 177.6 curveto
-205.65 182.69 -203.41 180.59 -207.02 184.03 curveto
-210.89 187.69 -213.13 192.11 -213.13 192.11 curveto stroke
showpage
%%EOF
