%!PS
%%BoundingBox: -250 -259 246 267 
%%HiResBoundingBox: -249.58 -258.96 245.6271 266.05 
%%Creator: MetaPost 2.11
%%CreationDate: 2025.10.14:2236
%%Pages: 1
%%BeginProlog
%%EndProlog
%%Page: 1 1
 0 0 0 1 setcmykcolor 0 1.2 dtransform truncate idtransform setlinewidth pop
 [] 0 setdash 1 setlinecap 1 setlinejoin 10 setmiterlimit
newpath -147.76 135.47 moveto
-136.93 132.59 -132.39 105.57 -130.45 98.09 curveto
-128.52 90.64 -127.43 81.8 -124.53 76.11 curveto
-121.61 70.39 -119.37 68.48 -117.89 65.52 curveto
-116.41 62.55 -103.89 30.06 -97.65 27.55 curveto
-91.42 25.04 -96.11 25.1 -85.47 24.73 curveto
-74.85 24.36 -75.9 25.15 -68.54 24.6 curveto
-61.17 24.04 -57.63 21.86 -53.52 20.74 curveto
-49.41 19.62 -49.12 17.6 -43.51 18.42 curveto
-37.91 19.23 -36.96 21 -30.37 20.15 curveto
-23.81 19.31 -24.01 18.6 -17.55 15.42 curveto
-11.09 12.24 -9.9 10.37 -4.87 7.44 curveto
0.15 4.52 3.48 4.4 7.88 4.38 curveto
12.35 4.37 13.44 4.48 17.84 3.11 curveto
22.36 1.71 34.9 -4.56 40.65 -10.77 curveto
46.35 -16.92 45.28 -17.56 49.93 -21.23 curveto
54.54 -24.85 51.31 -21.88 62.62 -25.87 curveto
72.51 -29.36 80.9 -31.95 83.97 -33.65 curveto
87.22 -35.44 96.61 -39.23 98.18 -42.83 curveto
99.69 -46.33 101.96 -51.32 98.31 -53.09 curveto
95.1 -54.64 89.66 -57.57 89.66 -57.57 curveto stroke
 0.6 0.4 0 0.1 setcmykcolor 0 0.84 dtransform truncate idtransform setlinewidth pop
newpath -147.84 135.55 moveto
-137 132.65 -132.61 105.75 -130.65 98.26 curveto
-128.69 90.77 -127.52 81.88 -124.57 76.14 curveto
-121.62 70.4 -119.37 68.49 -117.9 65.53 curveto
-116.43 62.57 -104.37 30.4 -98.19 27.92 curveto
-92.01 25.44 -96.69 25.5 -86.08 25.14 curveto
-75.46 24.77 -76.5 25.55 -69.14 24.99 curveto
-61.78 24.44 -58.29 22.27 -54.2 21.16 curveto
-50.11 20.05 -49.85 18.05 -44.23 18.85 curveto
-38.6 19.65 -37.61 21.4 -30.99 20.52 curveto
-24.36 19.64 -24.58 18.93 -18.08 15.71 curveto
-11.57 12.5 -10.41 10.64 -5.33 7.67 curveto
-0.26 4.71 3.16 4.54 7.66 4.49 curveto
12.17 4.44 13.25 4.56 17.51 3.26 curveto
21.77 1.96 33.19 -3.85 38.11 -9.86 curveto
43.03 -15.88 41.91 -16.55 46.05 -20.19 curveto
50.2 -23.82 47.28 -20.97 58.61 -24.97 curveto
69.94 -28.97 79.53 -31.63 81.98 -33.19 curveto
84.42 -34.76 92.55 -37.88 93.28 -41.35 curveto
94.01 -44.82 95.97 -50 88.72 -52 curveto
81.46 -53.99 72.91 -56.63 72.91 -56.63 curveto stroke
 0 0.9 0.9 0.2 setcmykcolor
newpath -147.68 135 moveto
-136.89 132.2 -132.34 105.53 -130.35 98.11 curveto
-128.35 90.69 -127.13 81.87 -124.16 76.2 curveto
-121.19 70.52 -118.95 68.64 -117.47 65.71 curveto
-115.98 62.78 -103.79 30.95 -97.64 28.53 curveto
-91.49 26.12 -96.14 26.14 -85.6 25.86 curveto
-75.06 25.57 -76.1 26.33 -68.79 25.83 curveto
-61.48 25.33 -58 23.21 -53.93 22.14 curveto
-49.86 21.06 -49.59 19.08 -44.01 19.91 curveto
-38.43 20.74 -37.46 22.49 -30.88 21.66 curveto
-24.3 20.83 -24.51 20.13 -18.03 16.98 curveto
-11.55 13.83 -10.38 11.99 -5.32 9.09 curveto
-0.27 6.18 3.13 6.03 7.6 6.02 curveto
12.07 6 13.14 6.13 17.38 4.87 curveto
21.62 3.61 32.99 -2.08 37.92 -8.02 curveto
42.84 -13.96 41.74 -14.62 45.87 -18.2 curveto
50.01 -21.78 47.09 -18.97 58.37 -22.87 curveto
69.64 -26.76 79.18 -29.33 81.62 -30.86 curveto
84.06 -32.4 92.15 -35.44 92.89 -38.87 curveto
93.64 -42.3 95.56 -47.39 88.32 -49.4 curveto
81.07 -51.41 72.55 -54.07 72.55 -54.07 curveto stroke
 0 0 0 1 setcmykcolor 0 1.2 dtransform truncate idtransform setlinewidth pop
newpath -209.91 176.59 moveto
-147.76 135.47 lineto stroke
 0.6 0.4 0 0.1 setcmykcolor 0 0.84 dtransform truncate idtransform setlinewidth pop
newpath -210.08 176.76 moveto
-147.84 135.55 lineto stroke
 0 0.9 0.9 0.2 setcmykcolor
newpath -209.74 175.46 moveto
-147.68 135 lineto stroke
 0 0 0 1 setcmykcolor 0 1.2 dtransform truncate idtransform setlinewidth pop
newpath -139.3 143.75 moveto
-139.3 143.75 -139.4 141.59 -139.8 140.7 curveto
-140.2 139.82 -145.06 143.3 -148.47 146.89 curveto
-151.88 150.47 -164.87 156.33 -170.47 159.3 curveto
-176.08 162.28 -182.12 167.26 -184.68 169.91 curveto
-187.25 172.57 -189.95 172.52 -197.79 177.6 curveto
-205.65 182.69 -203.41 180.59 -207.02 184.03 curveto
-210.89 187.69 -213.13 192.11 -213.13 192.11 curveto stroke
 0.6 0.4 0 0.1 setcmykcolor 0 0.84 dtransform truncate idtransform setlinewidth pop
newpath -139.31 143.76 moveto
-139.31 143.76 -139.42 141.61 -139.83 140.73 curveto
-140.23 139.85 -145.1 143.34 -148.52 146.94 curveto
-151.94 150.54 -164.98 156.43 -170.59 159.42 curveto
-176.21 162.41 -182.26 167.41 -184.83 170.06 curveto
-187.4 172.72 -190.1 172.67 -197.95 177.76 curveto
-205.8 182.85 -203.57 180.75 -207.18 184.18 curveto
-211.03 187.84 -213.25 192.24 -213.25 192.24 curveto stroke
 0 0.9 0.9 0.2 setcmykcolor
newpath -139.27 143.21 moveto
-139.27 143.21 -139.36 141.07 -139.76 140.19 curveto
-140.16 139.31 -145.01 142.75 -148.43 146.3 curveto
-151.85 149.84 -164.83 155.6 -170.43 158.53 curveto
-176.02 161.46 -182.06 166.38 -184.63 168.99 curveto
-187.2 171.61 -189.88 171.55 -197.71 176.54 curveto
-205.54 181.54 -203.31 179.47 -206.91 182.85 curveto
-210.76 186.45 -213 190.81 -213 190.81 curveto stroke
 0 0 0 1 setcmykcolor 0 1.2 dtransform truncate idtransform setlinewidth pop
newpath -213.13 192.11 moveto
-215.24 196.39 -212.42 199.3 -208.33 198 curveto
-204.24 196.7 -192.66 193.76 -189.66 192.52 curveto
-186.67 191.29 -174.58 188.73 -170.69 187.64 curveto
-167.43 186.73 -155.63 183.87 -152.5 181.74 curveto
-149.37 179.6 -148.2 181.52 -146.95 177.49 curveto
-145.71 173.45 -142.74 163.9 -142.2 160.45 curveto
-141.66 157.01 -139.63 147.92 -139.3 143.75 curveto stroke
 0.6 0.4 0 0.1 setcmykcolor 0 0.84 dtransform truncate idtransform setlinewidth pop
newpath -213.25 192.24 moveto
-215.35 196.5 -212.53 199.41 -208.45 198.12 curveto
-204.37 196.83 -192.8 193.9 -189.8 192.66 curveto
-186.8 191.43 -174.68 188.83 -170.77 187.73 curveto
-167.5 186.8 -155.65 183.89 -152.51 181.75 curveto
-149.38 179.6 -148.2 181.53 -146.96 177.5 curveto
-145.73 173.47 -142.79 163.95 -142.24 160.5 curveto
-141.7 157.04 -139.64 147.93 -139.31 143.76 curveto stroke
 0 0.9 0.9 0.2 setcmykcolor
newpath -213 190.81 moveto
-215.11 195.02 -212.33 197.93 -208.27 196.68 curveto
-204.21 195.43 -192.71 192.6 -189.73 191.39 curveto
-186.74 190.19 -174.69 187.69 -170.8 186.62 curveto
-167.55 185.73 -155.76 182.92 -152.64 180.82 curveto
-149.51 178.71 -148.35 180.63 -147.1 176.64 curveto
-145.84 172.65 -142.86 163.22 -142.3 159.8 curveto
-141.73 156.37 -139.62 147.34 -139.27 143.21 curveto stroke
 0 0 0 1 setcmykcolor 0 1.2 dtransform truncate idtransform setlinewidth pop
newpath -248.98 265.44 moveto
-248.98 265.44 -247.39 257.6 -247.7 251.49 curveto
-248 245.37 -247.24 235.78 -247.36 233.44 curveto
-247.48 231.11 -248.24 223.4 -244.73 221.61 curveto
-241.22 219.8 -236.64 202.58 -235.24 201.6 curveto
-233.85 200.62 -213.17 180.01 -209.91 176.59 curveto stroke
 0.6 0.4 0 0.1 setcmykcolor 0 0.84 dtransform truncate idtransform setlinewidth pop
newpath -248.98 265.44 moveto
-248.98 265.44 -247.4 257.61 -247.71 251.5 curveto
-248.02 245.38 -247.25 235.79 -247.37 233.46 curveto
-247.49 231.12 -248.25 223.41 -244.73 221.61 curveto
-241.22 219.81 -236.69 202.63 -235.3 201.66 curveto
-233.91 200.69 -213.33 180.17 -210.08 176.76 curveto stroke
 0 0.9 0.9 0.2 setcmykcolor
newpath -248.98 263.21 moveto
-248.98 263.21 -247.35 255.45 -247.62 249.38 curveto
-247.89 243.31 -247.05 233.8 -247.16 231.48 curveto
-247.26 229.16 -247.95 221.5 -244.45 219.73 curveto
-240.96 217.97 -236.34 200.96 -234.95 200 curveto
-233.56 199.04 -212.99 178.82 -209.74 175.46 curveto stroke
 0 0 0 1 setcmykcolor 0 1.2 dtransform truncate idtransform setlinewidth pop
newpath 94.22 -76.03 moveto
98.56 -74.77 108.33 -70.71 112.54 -70.03 curveto
117.61 -69.21 113.43 -64.06 120.6 -69.48 curveto
127.72 -74.86 134.84 -76.68 140.33 -81.27 curveto
146.78 -86.66 147.62 -87.1 149.27 -92.17 curveto
150.84 -97 156.47 -101.55 159.17 -103.63 curveto
161.83 -105.69 162.7 -106.61 167.35 -110.7 curveto
172.18 -114.95 171.14 -116.59 177.17 -117.28 curveto
183.31 -117.98 185.94 -117.58 190.18 -118.05 curveto
194.38 -118.52 200.61 -118.18 205.59 -123.48 curveto
210.48 -128.69 213.69 -131.36 211.81 -133.13 curveto stroke
 0.6 0.4 0 0.1 setcmykcolor 0 0.84 dtransform truncate idtransform setlinewidth pop
newpath 78.88 -78.26 moveto
83.97 -76.85 101.57 -69.36 108.55 -68.17 curveto
115.52 -66.94 111.19 -62.13 119.08 -67.14 curveto
126.85 -71.95 134.18 -74.96 140.23 -80.56 curveto
146.33 -86.2 147.54 -86.22 149.02 -90.74 curveto
150.5 -95.26 156.12 -99.86 158.85 -102.16 curveto
161.57 -104.47 162.41 -105.53 167.17 -109.98 curveto
171.99 -114.4 170.93 -115.96 177.03 -116.73 curveto
183.17 -117.51 185.82 -117.02 190.07 -117.56 curveto
194.3 -118.09 200.58 -117.91 205.49 -123.07 curveto
210.39 -128.26 213.61 -131.05 211.71 -132.75 curveto stroke
 0 0.9 0.9 0.2 setcmykcolor
newpath 77.86 -75.59 moveto
82.93 -74.2 100.61 -66.75 107.63 -65.63 curveto
114.65 -64.51 110.4 -59.49 118.22 -64.84 curveto
126.03 -70.2 133.57 -73.57 139.74 -79.56 curveto
145.92 -85.56 147.17 -85.61 148.57 -90.32 curveto
149.97 -95.03 155.66 -99.93 158.41 -102.38 curveto
161.17 -104.83 162.01 -105.94 166.81 -110.62 curveto
171.61 -115.3 170.47 -116.86 176.69 -117.85 curveto
182.9 -118.84 185.6 -118.42 189.86 -119.15 curveto
194.12 -119.87 200.56 -119.97 205.5 -125.56 curveto
210.44 -131.14 213.7 -134.14 211.66 -135.84 curveto stroke
 0 0 0 1 setcmykcolor 0 1.2 dtransform truncate idtransform setlinewidth pop
newpath 149.04 -52.66 moveto
143.75 -52.72 139.3 -57.71 133.47 -50.97 curveto
127.66 -44.27 131.68 -42.61 125.9 -38.89 curveto
120.5 -35.42 118.03 -33.67 112.69 -30.99 curveto
107.19 -28.22 90.38 -16.83 79.48 -12.59 curveto
69.49 -8.7 43.67 2.05 40.43 3.21 curveto
37.16 4.38 28.9 7.58 24.99 10.98 curveto
21.16 14.32 18.57 17.37 16.71 19.62 curveto
14.86 21.86 13.14 29.3 10.52 32.17 curveto
7.9 35.04 3.88 38.52 1.82 40.43 curveto
-0.22 42.32 -5.54 48.08 -8.27 49.99 curveto
-11.01 51.89 -18.43 57.08 -22.69 58.58 curveto
-26.98 60.08 -32.74 58.63 -38.76 66.23 curveto
-44.71 73.74 -47.95 79.64 -51.08 84.26 curveto
-54.22 88.88 -59.38 98.98 -62.94 99.88 curveto
-66.5 100.79 -66.1 102.98 -72.84 100.59 curveto
-89.07 94.82 -95.41 91.58 -99.45 90.73 curveto
-103.49 89.88 -110.18 87.02 -111.64 92.83 curveto
-113.11 98.64 -113.96 102.82 -115.41 106.13 curveto
-116.87 109.45 -125.93 136.73 -126.1 140.72 curveto
-126.27 144.71 -126.16 147.04 -127.04 150.88 curveto
-127.92 154.7 -130.62 164.72 -133.01 170.97 curveto
-135.4 177.24 -136.82 178.04 -139.24 183.76 curveto
-141.66 189.47 -142.03 199.01 -147.21 203.04 curveto
-152.39 207.07 -149.01 206.36 -153.29 207.11 curveto
-157.57 207.86 -196.81 218.86 -207.63 222.87 curveto
-218.46 226.88 -220.64 230.25 -225.23 235.72 curveto
-229.83 241.18 -232.56 244.21 -233.46 247.87 curveto
-234.36 251.52 -238.53 265.45 -238.53 265.45 curveto stroke
 0.6 0.4 0 0.1 setcmykcolor 0 0.84 dtransform truncate idtransform setlinewidth pop
newpath 150.68 -37.77 moveto
146.84 -38.9 141.93 -44.01 134.94 -41.52 curveto
127.84 -38.99 132.58 -33.7 126.17 -32.39 curveto
119.79 -30.92 117.23 -29.13 111.28 -27.25 curveto
105.26 -25.42 89.16 -16.08 78.2 -11.92 curveto
67.24 -7.75 41.83 2.92 38.82 3.98 curveto
35.81 5.03 28.21 7.94 24.59 11.19 curveto
20.97 14.44 18.42 17.46 16.55 19.71 curveto
14.68 21.97 12.9 29.45 10.35 32.29 curveto
7.79 35.12 3.82 38.57 1.75 40.48 curveto
-0.31 42.39 -5.78 48.25 -8.56 50.2 curveto
-11.35 52.14 -18.83 57.39 -23.08 58.87 curveto
-27.33 60.35 -32.99 58.84 -38.92 66.35 curveto
-44.84 73.86 -48.14 79.8 -51.33 84.47 curveto
-54.51 89.14 -59.76 99.31 -63.32 100.22 curveto
-66.87 101.12 -66.48 103.33 -73.19 100.9 curveto
-89.35 95.07 -95.65 91.78 -99.66 90.91 curveto
-103.67 90.03 -110.31 87.13 -111.81 92.97 curveto
-113.31 98.82 -114.18 103.01 -115.63 106.33 curveto
-117.09 109.64 -125.97 136.77 -126.13 140.75 curveto
-126.29 144.72 -126.17 147.06 -127.05 150.89 curveto
-127.94 154.72 -130.67 164.77 -133.05 171.02 curveto
-135.44 177.27 -136.84 178.06 -139.25 183.77 curveto
-141.66 189.48 -142.08 199.06 -147.27 203.11 curveto
-152.47 207.16 -149.09 206.44 -153.37 207.2 curveto
-157.66 207.96 -196.93 218.98 -207.72 222.96 curveto
-218.51 226.93 -220.68 230.29 -225.27 235.75 curveto
-229.85 241.21 -232.58 244.23 -233.48 247.88 curveto
-234.37 251.53 -238.53 265.44 -238.53 265.44 curveto stroke
 0 0.9 0.9 0.2 setcmykcolor
newpath 151 -35.17 moveto
147.02 -36.25 141.96 -41.39 134.75 -38.75 curveto
127.53 -36.1 132.41 -30.77 125.86 -29.41 curveto
119.3 -28.05 116.69 -26.33 110.69 -24.63 curveto
104.68 -22.94 88.63 -13.83 77.72 -9.77 curveto
66.81 -5.71 41.52 4.7 38.52 5.73 curveto
35.53 6.75 27.96 9.59 24.35 12.79 curveto
20.73 15.99 18.18 18.96 16.31 21.19 curveto
14.44 23.42 12.62 30.83 10.06 33.63 curveto
7.5 36.42 3.54 39.82 1.48 41.69 curveto
-0.59 43.57 -6.05 49.36 -8.83 51.27 curveto
-11.61 53.18 -19.07 58.34 -23.3 59.77 curveto
-27.53 61.21 -33.14 59.67 -39.07 67.09 curveto
-45.01 74.5 -48.33 80.37 -51.52 84.98 curveto
-54.72 89.59 -60 99.66 -63.53 100.53 curveto
-67.07 101.4 -66.7 103.6 -73.34 101.14 curveto
-89.34 95.23 -95.57 91.93 -99.54 91.03 curveto
-103.51 90.13 -110.08 87.2 -111.61 92.99 curveto
-113.15 98.78 -114.04 102.93 -115.5 106.22 curveto
-116.97 109.5 -125.98 136.37 -126.16 140.31 curveto
-126.35 144.25 -126.25 146.57 -127.15 150.37 curveto
-128.06 154.16 -130.84 164.12 -133.25 170.31 curveto
-135.66 176.49 -137.05 177.27 -139.49 182.92 curveto
-141.92 188.57 -142.4 198.07 -147.59 202.06 curveto
-152.78 206.04 -149.41 205.35 -153.67 206.08 curveto
-157.93 206.8 -196.98 217.46 -207.72 221.33 curveto
-218.46 225.21 -220.64 228.52 -225.23 233.91 curveto
-229.82 239.3 -232.55 242.28 -233.47 245.9 curveto
-234.38 249.51 -238.6 263.29 -238.6 263.29 curveto stroke
 0 0 0 1 setcmykcolor 0 1.2 dtransform truncate idtransform setlinewidth pop
newpath 235.01 -139.99 moveto
230.36 -138.96 225.02 -138.97 231.58 -137.24 curveto
238.14 -135.51 240.41 -135.52 241.47 -133.84 curveto
242.53 -132.18 245.69 -131.14 242.77 -128.27 curveto
239.87 -125.42 235.61 -121.7 231.3 -121.24 curveto
227.01 -120.79 219.84 -119.13 217.81 -117.6 curveto
215.76 -116.04 207.23 -109.78 205.33 -109.53 curveto
203.43 -109.29 197.01 -106.42 195.09 -106.32 curveto
193.17 -106.21 189.09 -106.64 183.17 -100.15 curveto
177.67 -94.12 175.5 -92.96 172.44 -90.55 curveto
169.34 -88.12 161.95 -78.21 159.4 -75.05 curveto
157.1 -72.18 159.83 -71.32 153.43 -70.13 curveto
147.14 -68.96 139.49 -63.83 138.15 -62.39 curveto
136.75 -60.88 126.51 -51.56 146.35 -61.6 curveto stroke
 0.6 0.4 0 0.1 setcmykcolor 0 0.84 dtransform truncate idtransform setlinewidth pop
newpath 234.94 -139.73 moveto
230.32 -138.81 225 -138.91 231.54 -137.11 curveto
238.08 -135.31 240.32 -135.17 241.37 -133.47 curveto
242.43 -131.77 245.54 -130.61 242.66 -127.82 curveto
239.77 -125.04 235.53 -121.38 231.24 -120.98 curveto
226.96 -120.58 219.77 -118.77 217.73 -117.2 curveto
215.7 -115.63 207.21 -109.68 205.32 -109.49 curveto
203.43 -109.29 196.98 -106.26 195.05 -106.07 curveto
193.12 -105.88 188.9 -106.38 183.14 -99.87 curveto
177.49 -93.43 175.45 -91.86 172.39 -88.88 curveto
169.33 -85.89 162.05 -74.91 159.86 -70.93 curveto
157.69 -66.95 161.04 -63.93 154.68 -62.79 curveto
148.34 -61.67 141.18 -54.43 139.67 -53.38 curveto
138.17 -52.33 126.49 -50.51 152.52 -41.98 curveto stroke
 0 0.9 0.9 0.2 setcmykcolor
newpath 235.63 -143.87 moveto
230.85 -142.77 225.31 -142.7 232.18 -141.04 curveto
239.05 -139.37 241.38 -139.3 242.53 -137.56 curveto
243.68 -135.82 246.94 -134.71 244.03 -131.72 curveto
241.13 -128.73 236.83 -124.79 232.38 -124.24 curveto
227.94 -123.68 220.52 -121.57 218.45 -119.87 curveto
216.38 -118.17 207.72 -111.7 205.76 -111.44 curveto
203.81 -111.17 197.34 -107.85 195.38 -107.58 curveto
193.43 -107.32 189.12 -107.67 183.52 -100.8 curveto
177.92 -93.94 175.85 -92.24 172.77 -89.06 curveto
169.69 -85.89 162.51 -74.31 160.37 -70.1 curveto
158.23 -65.89 161.76 -62.83 155.21 -61.46 curveto
148.65 -60.1 141.3 -52.27 139.74 -51.13 curveto
138.18 -49.99 126.12 -47.84 152.95 -39.55 curveto stroke
 0 0 0 1 setcmykcolor 0 0.6 dtransform truncate idtransform setlinewidth pop
newpath 230.04 -258.66 moveto
216.17 -144.76 lineto stroke
newpath 215.34137 -147.88304 moveto
216.17 -144.76 lineto
217.7239 -147.59291 lineto stroke
 0 1.2 dtransform truncate idtransform setlinewidth pop
newpath 235.01 -139.99 moveto
237.08 -141.65 243.98 -144.87 237.42 -148.19 curveto
230.85 -151.51 199.98 -153.64 197.41 -149.3 curveto
194.84 -144.97 205.36 -134 211.81 -133.13 curveto stroke
 0.6 0.4 0 0.1 setcmykcolor 0 0.84 dtransform truncate idtransform setlinewidth pop
newpath 234.94 -139.73 moveto
236.98 -141.3 243.82 -144.32 237.25 -147.66 curveto
230.69 -151.02 199.57 -152.63 197.03 -148.32 curveto
194.48 -144 205.19 -133.42 211.71 -132.75 curveto stroke
 0 0.9 0.9 0.2 setcmykcolor
newpath 235.63 -143.87 moveto
237.7 -145.57 244.71 -148.92 237.77 -152.19 curveto
230.83 -155.46 198.44 -155.83 195.96 -151.25 curveto
193.48 -146.67 204.85 -136.26 211.66 -135.84 curveto stroke
 0 0 0 1 setcmykcolor 0 3.98505 dtransform truncate idtransform setlinewidth pop
newpath 138.15 -62.39 moveto 0 0 rlineto stroke
newpath 138.42 -61.6 moveto 0 0 rlineto stroke
 0 0.84 dtransform truncate idtransform setlinewidth pop
newpath 138.15 -62.39 moveto
138.42 -61.6 lineto stroke
 1 0.85 0 setrgbcolor 0 3.98505 dtransform truncate idtransform setlinewidth pop
newpath 139.74 -51.13 moveto 0 0 rlineto stroke
newpath 140.37 -49.01 moveto 0 0 rlineto stroke
 0 0.84 dtransform truncate idtransform setlinewidth pop
newpath 138.15 -62.39 moveto
139.74 -51.13 lineto
140.37 -49.01 lineto
138.42 -61.6 lineto stroke
showpage
%%EOF
