%!PS
%%BoundingBox: -297 -315 277 322 
%%HiResBoundingBox: -296.05373 -314.25 276.93001 321.69 
%%Creator: MetaPost 2.11
%%CreationDate: 2025.10.14:2236
%%Pages: 1
%%BeginProlog
%%EndProlog
%%Page: 1 1
 0 0.42001 dtransform truncate idtransform setlinewidth pop [] 0 setdash
 1 setlinecap 1 setlinejoin 10 setmiterlimit
newpath -259.51 65.69 moveto
-263.39 63.93 -272.77 64.07 -276.32 72 curveto
-279.87 79.91 -284.52 80.7 -273.37 83.51 curveto
-262.22 86.32 -236.26 90.15 -227.97 90.25 curveto
-219.67 90.35 -189.53 87.32 -182.06 88.73 curveto
-174.6 90.14 -154.29 95.73 -150.87 102.4 curveto
-147.45 109.07 -156.5 115.14 -141.18 118.47 curveto
-125.86 121.8 -95.92 122.01 -86.4 124.74 curveto
-76.89 127.48 -28.8 143.83 -14.63 142.35 curveto
-0.48 140.87 8.28 139.51 18.17 135.74 curveto
28.07 131.97 104.59 103.2 112.69 103.13 curveto
120.8 103.06 138.29 109.88 147.93 118.38 curveto
157.58 126.88 183.38 147.68 189.87 151.11 curveto
196.37 154.55 212 162.77 224.28 164.24 curveto
259.66 168.48 260.54 185.02 276.72 184.16 curveto stroke
newpath 276.58 188.32 moveto
252.18 190.52 266.23 231.05 268.1 242.48 curveto
269.97 253.92 270.39 258.4 261.85 267.33 curveto
253.32 276.26 241.16 288.26 235.75 291.61 curveto
230.34 294.97 227.34 296.21 228.45 300.12 curveto
229.56 304.02 236.52 319.51 237.64 320.35 curveto stroke
newpath 223.28 321.48 moveto
223.28 321.48 215.67 297.01 224.57 291.49 curveto
233.47 285.97 259.11 256.48 258.33 251.83 curveto
257.54 247.19 237.83 218.86 237.02 213.86 curveto
236.21 208.85 228.85 178.96 222.46 177.32 curveto
216.06 175.68 217.54 173.07 205.91 174.59 curveto
194.27 176.12 181.45 189.24 175.39 187.22 curveto
169.34 185.2 154.78 165.78 154.72 157.85 curveto
154.66 149.92 152.74 141.01 146.04 137.04 curveto
139.34 133.07 116.31 123.67 104.79 127.34 curveto
93.27 131.02 60.04 140 49.64 141.09 curveto
39.25 142.19 26.83 149.34 12.66 150.63 curveto
-1.51 151.93 -22.17 156.44 -34.98 156.22 curveto
-47.78 156.01 -75.21 172.61 -80.07 172.87 curveto
-84.92 173.13 -99.41 171.54 -114.53 175.06 curveto
-129.67 178.59 -141.6 181.39 -149.83 182.55 curveto
-158.06 183.71 -166.08 185.4 -173.3 188.49 curveto
-180.52 191.58 -184.57 196.85 -191.52 194.87 curveto
-198.47 192.9 -200.45 186.14 -211.52 187.99 curveto
-222.59 189.84 -242.61 199.76 -247.74 198.41 curveto
-252.87 197.06 -262.15 179.13 -254.25 168.25 curveto
-246.36 157.37 -238.88 158.96 -233.29 155.6 curveto
-227.71 152.25 -225.01 148.68 -214.85 146.7 curveto
-204.68 144.72 -185.28 139.91 -178.97 136.51 curveto
-172.66 133.12 -151.49 121.18 -157.59 115.02 curveto
-163.68 108.85 -165.44 106.42 -179.4 104.99 curveto
-193.36 103.56 -212.61 104.55 -216.46 106.89 curveto stroke
newpath -226.75 106.73 moveto
-221.62 104.66 -209.95 99.75 -223.02 98.62 curveto
-236.05 97.5 -273.62 99.21 -279.3 97.36 curveto
-285 95.5 -297.72 90.23 -295.61 82.38 curveto
-293.49 74.52 -278.72 57.02 -269.83 51.69 curveto
-260.91 46.36 -253.01 39.26 -254.9 30.71 curveto
-256.8 22.15 -264.58 -1.94 -260.33 -6.67 curveto
-256.07 -11.4 -245.2 -20.46 -230.75 -13.3 curveto
-216.31 -6.14 -211.56 8.58 -205.34 -3.29 curveto
-199.13 -15.16 -185.67 -33.18 -186.19 -39.64 curveto
-186.72 -46.1 -194.91 -51.07 -197.07 -54.38 curveto
-199.23 -57.69 -192.94 -74.97 -189.52 -81.82 curveto
-186.1 -88.67 -184.09 -91.66 -188.15 -93.43 curveto
-192.21 -95.2 -205.04 -95.78 -186.59 -125.06 curveto
-168.14 -154.34 -172.79 -143.45 -171.05 -151.3 curveto
-169.3 -159.14 -170.4 -176.39 -164.19 -185.01 curveto
-157.98 -193.64 -150.77 -183.57 -143.51 -192.78 curveto
-136.25 -202 -130.95 -213.26 -130.8 -218.16 curveto
-130.41 -231.16 -127.41 -239.07 -109.39 -229.03 curveto
-100.09 -223.85 -83.07 -225.56 -74.19 -228.02 curveto
-65.31 -230.47 -51.08 -237.54 -45.05 -239.3 curveto
-39.01 -241.06 -29.68 -235.07 -19.72 -234.16 curveto stroke
newpath -19.72 -234.16 moveto
-16.61 -233.24 28.34 -228.79 34.23 -229.82 curveto
40.12 -230.85 37.27 -237.01 30.09 -243.3 curveto
22.9 -249.59 15.09 -267.74 14.85 -275.48 curveto
14.62 -283.22 37.8 -308.42 45.25 -314.04 curveto stroke
newpath 56.94 -304.39 moveto
55.25 -302.32 57.26 -295.03 63.65 -289.97 curveto
68.33 -286.27 71.16 -284.42 75.81 -274.93 curveto
80.46 -265.45 73.37 -249.57 70.24 -244.17 curveto
67.1 -238.78 62.26 -224.64 62.11 -220.85 curveto
61.95 -217.06 86.47 -213.5 92.92 -210.96 curveto stroke
newpath 87.38 -203.27 moveto
84.83 -203.68 63.95 -209.95 54.61 -212.7 curveto
45.27 -215.45 43.58 -209.95 41.54 -207.68 curveto
39.5 -205.4 39.4 -190.26 39.98 -186.14 curveto
40.56 -182.03 45.25 -185.34 49.25 -184.65 curveto stroke
newpath 48.31 -171.81 moveto
45.81 -171.31 42.06 -170.75 34.53 -169.99 curveto
27 -169.23 15.58 -177.1 12.42 -182.34 curveto
9.26 -187.58 25.8 -201.97 28.79 -206.82 curveto
31.78 -211.66 32.6 -213.15 31.13 -217.04 curveto
29.65 -220.92 -2.3 -218.5 -10.47 -219.51 curveto stroke
newpath -10.47 -219.51 moveto
-21.65 -219.64 -60.79 -216.83 -72.52 -216.93 curveto
-84.24 -217.03 -111.59 -219.54 -118.61 -212.68 curveto
-125.64 -205.81 -127.8 -195.6 -128.41 -190.16 curveto
-129.02 -184.72 -129.1 -162.37 -134.69 -159.18 curveto
-140.29 -156 -140.99 -165.7 -145.07 -164.4 curveto
-149.14 -163.1 -156.61 -157.84 -159.64 -150.46 curveto
-162.68 -143.09 -172.66 -120.75 -174.27 -117.06 curveto
-176.31 -112.39 -184.89 -103.16 -181.91 -101.33 curveto
-178.92 -99.51 -172.15 -94.1 -173.55 -86.64 curveto
-174.96 -79.17 -188.16 -66.39 -183.48 -63.22 curveto
-178.81 -60.04 -168.01 -57.01 -171.76 -49.6 curveto
-175.51 -42.19 -188.13 -11.78 -192.32 -5.79 curveto
-196.51 0.2 -204.71 25.51 -215.07 23.9 curveto
-225.43 22.29 -245.73 6.79 -247.57 12.83 curveto
-249.41 18.88 -244.98 24.23 -244.15 33.02 curveto
-243.32 41.81 -242.06 48.59 -251.75 52.52 curveto
-261.46 56.47 -257.62 57.34 -254.95 60.08 curveto stroke
newpath -140.52 130.87 moveto
-151.52 130.74 -173.55 140.19 -178.83 142.46 curveto
-184.12 144.72 -212.4 155.4 -221.49 157.32 curveto
-230.58 159.24 -235.34 164.72 -243 172.88 curveto
-250.68 181.05 -245.95 184.77 -242.76 190.38 curveto
-239.57 195.98 -226.26 181.93 -218.81 179.73 curveto
-211.35 177.53 -206.25 178.7 -196.58 184.32 curveto
-186.92 189.94 -175.17 180.48 -172.12 180.14 curveto
-169.08 179.8 -140.3 175.37 -134.22 174.51 curveto
-128.13 173.64 -114.65 162.81 -110.01 161.84 curveto
-105.38 160.87 -92.31 166.13 -83.14 165.82 curveto
-73.96 165.51 -69.59 156.26 -58.54 147.02 curveto
-47.5 137.8 -82.37 132.82 -90.92 131.29 curveto
-99.47 129.77 -129.51 131.01 -140.52 130.87 curveto closepath stroke
showpage
%%EOF
