%!PS
%%BoundingBox: -318 -322 301 302 
%%HiResBoundingBox: -317.01001 -321.15001 300.37001 301.35 
%%Creator: MetaPost 2.11
%%CreationDate: 2025.10.14:2236
%%Pages: 1
%%BeginProlog
%%EndProlog
%%Page: 1 1
 0 0.42001 dtransform truncate idtransform setlinewidth pop [] 0 setdash
 1 setlinecap 1 setlinejoin 10 setmiterlimit
newpath -104.22 117.1 moveto
-107.79 124.5 -111.7 125.43 -111.79 130.49 curveto
-111.89 135.54 -60.4 134.24 -58.19 135.2 curveto
-55.97 136.17 -24.5 144.94 -14.59 148.38 curveto
-4.67 151.82 -13.29 138.94 -13.25 132.81 curveto
-13.22 126.68 12.54 143.33 22.71 151.44 curveto
32.88 159.55 49.63 162.63 58.64 169.36 curveto
67.65 176.09 86.87 171.46 93.43 172.91 curveto
100 174.37 102.32 170.64 107.92 167.46 curveto
113.52 164.28 105.73 139.82 103.92 126.21 curveto
102.11 112.61 112.68 128.27 117.15 130.91 curveto
121.62 133.56 126.43 135.83 132.43 140.2 curveto
138.43 144.56 151.25 141.72 155.23 141.87 curveto
159.2 142.01 165.44 76.43 167.63 70.19 curveto
169.83 63.94 162.43 67.22 155.31 62.19 curveto
148.19 57.16 155.08 51.03 162.63 50.63 curveto
170.17 50.22 169.28 47.03 174.07 48.93 curveto
178.86 50.84 177.03 57.07 182.31 61.47 curveto
187.59 65.87 210.47 68.99 217.87 72.56 curveto
225.27 76.13 222.29 26.9 222.93 18.57 curveto
223.57 10.24 231.8 15.94 242.4 18.62 curveto
252.99 21.3 247.76 -36.47 250.76 -54.65 curveto
253.76 -72.84 251.68 -71.28 250.8 -80.97 curveto
249.93 -90.66 255.5 -121.24 260.96 -140.63 curveto
266.42 -160.03 267.09 -167.64 270.3 -181.87 curveto
273.51 -196.1 279.55 -245.09 280.44 -248.74 curveto
281.33 -252.39 285.56 -308.51 288.86 -320.94 curveto stroke
newpath 300.16 -318.66 moveto
297.5 -307.7 290.66 -273.44 289.41 -256.43 curveto
288.15 -239.42 281.35 -184.26 280.96 -178.11 curveto
280.56 -171.96 271.19 -124.6 270.45 -118.07 curveto
269.72 -111.54 262.09 -92.39 260.77 -83.3 curveto
259.45 -74.22 258.52 -17.21 258.39 -6.03 curveto
258.26 5.16 259.6 30.32 254.21 30.61 curveto
248.82 30.89 238.58 28.19 232.1 28.18 curveto
225.61 28.16 227.01 68.11 228.51 75.96 curveto
230.01 83.81 255.11 81.39 266.71 82.58 curveto stroke
newpath 268.01 93.33 moveto
259.68 92.69 260.04 92.67 248.78 91.11 curveto
237.52 89.54 190.68 76.53 186.31 75.68 curveto
181.94 74.83 176.42 72.6 173.22 73.49 curveto
170.02 74.39 158.84 175.92 155.22 195.94 curveto stroke
newpath 147.31 196.36 moveto
148.16 191.99 150.48 167.71 154.16 155.62 curveto
157.84 143.53 136.24 150.81 128.65 150.49 curveto
121.06 150.18 122.23 145.06 112.84 137.99 curveto
103.45 130.92 114.2 156.67 115.85 167.4 curveto
117.5 178.12 117.25 173.45 113.59 179.05 curveto
109.92 184.65 85.6 181.62 64.11 177.36 curveto
42.61 173.09 42.76 169.12 32.31 162.47 curveto
21.86 155.81 6.47 151.23 -1.78 145.18 curveto stroke
newpath -1.78 145.18 moveto
-9.87 135.51 -5.72 145.75 -4.08 156.11 curveto
-2.45 166.48 -56.65 143.77 -57.71 144.19 curveto
-58.77 144.61 -134.66 129.94 -113.59 137.43 curveto
-109.18 139 -115.16 162.03 -115.69 172.51 curveto
-116.21 182.99 -118.81 201.88 -118.82 215.22 curveto
-118.83 228.56 -124.39 232.46 -128.28 240.59 curveto
-132.18 248.73 -107.12 252.09 -100.48 254.98 curveto
-93.84 257.87 -100.7 271.21 -104.74 283.32 curveto
-108.78 295.43 -112 289.12 -120.86 292.11 curveto
-129.71 295.11 -141.84 283.85 -153.22 280.13 curveto
-164.59 276.41 -175.94 279.9 -174.45 301.09 curveto stroke
newpath -182.02 301.14 moveto
-182.94 283.88 -184.47 289.01 -190.47 284.64 curveto
-196.47 280.28 -210.29 271.28 -219.34 270.68 curveto
-228.38 270.08 -263.17 253.18 -280.42 247.25 curveto
-297.68 241.32 -304.01 237.69 -316.8 234.4 curveto stroke
newpath -308.19 226.74 moveto
-307.1 227.04 -303.82 227.58 -293.81 232.82 curveto
-283.8 238.06 -223.82 260.82 -214.33 263.2 curveto
-204.83 265.58 -160.96 270.09 -152.94 271.83 curveto
-144.91 273.56 -128.91 276.32 -121.66 277.01 curveto
-114.41 277.71 -110.73 265.62 -111.02 260.23 curveto
-111.3 254.83 -132.33 252.71 -138.99 249.46 curveto
-145.65 246.2 -130.15 225.91 -125.82 219.2 curveto
-121.49 212.48 -127.19 200.16 -123.04 183.35 curveto
-118.89 166.55 -122.33 162.77 -123 150.19 curveto
-123.67 137.61 -124.33 138.72 -126.51 131.63 curveto
-128.69 124.54 -118.02 121.8 -111.88 115.35 curveto stroke
showpage
%%EOF
