%!PS
%%BoundingBox: -275 -913 285 869 
%%HiResBoundingBox: -274.47487 -912.77 284.22 868.62395 
%%Creator: MetaPost 2.11
%%CreationDate: 2025.10.14:2236
%%Pages: 1
%%BeginProlog
%%EndProlog
%%Page: 1 1
 0 0.42001 dtransform truncate idtransform setlinewidth pop [] 0 setdash
 1 setlinecap 1 setlinejoin 10 setmiterlimit
newpath 256.25 -380.51 moveto
248.68 -373.61 219.64 -336.72 211.62 -324.75 curveto
203.6 -312.78 206.24 -303.9 193.34 -295.65 curveto
180.44 -287.4 165.58 -275.43 164.56 -267.45 curveto
163.55 -259.46 161.65 -247.82 150.14 -240.35 curveto
138.64 -232.89 105.59 -230.79 88.49 -220.14 curveto
71.4 -209.5 49.56 -186.36 45.04 -176.38 curveto
40.52 -166.39 28.66 -138.72 16.71 -126.2 curveto
4.76 -113.68 -12.18 -79.6 -23.52 -69.26 curveto
-34.87 -58.93 -36.14 -49.11 -54.59 -36.58 curveto
-73.02 -24.07 -100.67 -8.53 -120.8 -0.25 curveto
-140.89 8.02 -182.17 24.98 -189.7 39.46 curveto
-197.22 53.91 -196.18 86.62 -200.88 107.11 curveto
-205.56 127.54 -211.91 169.56 -215.33 186.69 curveto
-218.76 203.86 -227.44 224.6 -225.02 236.02 curveto
-222.61 247.41 -218.14 243.2 -219.48 258.37 curveto
-220.82 273.56 -226.14 282.15 -222.87 289.57 curveto
-219.6 296.99 -217.84 296.53 -212.4 310.29 curveto
-206.97 324.01 -203.78 348.97 -202.28 356.81 curveto
-200.78 364.67 -190.95 394.93 -194.44 411.05 curveto
-197.9 427.04 -203.2 442.07 -204.27 449.36 curveto
-205.33 456.64 -211.34 458.79 -206.07 469.65 curveto
-200.79 480.54 -187.05 474.33 -184.85 481.79 curveto
-182.65 489.24 -185.3 513.47 -189.21 520.84 curveto
-193.13 528.22 -205.15 539.29 -207.72 545.21 curveto
-210.31 551.17 -213.09 553.88 -208.28 563.05 curveto
-203.49 572.18 -198.54 576.16 -199.71 587.73 curveto
-200.88 599.26 -206.43 610.43 -205.23 620.2 curveto
-204.02 629.95 -196.99 632.35 -199.53 645.43 curveto
-202.08 658.55 -206.08 666.1 -209.35 678.9 curveto
-212.51 691.27 -214.68 719.88 -216.91 731.32 curveto
-219.23 743.24 -224.85 764.68 -226.18 774.44 curveto
-227.4 783.41 -241.13 819.16 -242.87 828.48 curveto
-244.85 839.05 -252.34 868.29 -245.73 853.87 curveto stroke
newpath -263.56 854.01 moveto
-262.17 858.29 -261.19 871.53 -261.6 867.74 curveto
-262.45 859.8 -281.73 841.57 -271.05 835.95 curveto
-259.53 829.88 -254.09 830.29 -252.91 826.43 curveto
-251.79 822.74 -239.83 785.84 -239.47 775.95 curveto
-239.07 764.88 -227.92 721.2 -227.73 713.51 curveto
-227.54 705.92 -226.88 685.22 -225.08 679.91 curveto
-223.26 674.53 -215.51 656.78 -217.35 649.66 curveto
-219.17 642.62 -224.62 642.13 -222.75 630.22 curveto
-220.84 618.12 -220.15 616.62 -223.43 609.15 curveto
-226.68 601.74 -232.88 588.49 -229.97 576.2 curveto
-227.01 563.74 -226.14 544.75 -222.63 535.89 curveto
-219.15 527.09 -208.71 508.35 -210.37 497.68 curveto
-212.03 486.93 -229.52 475.92 -233.38 471.08 curveto
-237.25 466.23 -239.45 465.25 -233.71 451.65 curveto
-227.93 437.97 -216.32 419.35 -213.74 413.83 curveto
-211.15 408.29 -216.13 395.51 -218.46 385.13 curveto
-220.8 374.75 -224.66 349.74 -226.61 340.52 curveto
-228.57 331.31 -235.14 316.95 -237.75 308.44 curveto
-240.37 299.91 -245.32 280.63 -242.2 258.14 curveto
-239.1 235.69 -235.74 238.04 -237.84 225.52 curveto
-239.94 212.97 -236.31 206.26 -234.62 197.12 curveto
-232.93 187.99 -225.69 154.82 -223.43 136.74 curveto
-221.17 118.64 -216.89 111.21 -218.51 100.83 curveto
-220.14 90.43 -213.57 44.69 -205.43 28.41 curveto
-197.27 12.08 -180.8 -37.9 -167.75 -43.27 curveto
-154.7 -48.64 -134.95 -15.73 -121.53 -20.77 curveto
-108.09 -25.82 -95.95 -21.43 -86.15 -40.34 curveto
-76.34 -59.24 -75.85 -56.74 -58.19 -77.15 curveto
-44.48 -92.99 -14.08 -135.75 -72.71 -92.62 curveto stroke
newpath -78.86 -106.73 moveto
-28.53 -136.43 -18.27 -167.26 -5.02 -175.52 curveto
8.24 -183.79 28.34 -198.93 33.4 -212.18 curveto
38.46 -225.42 36.34 -238.27 65.14 -245.56 curveto
93.96 -252.86 119.24 -245.21 126.2 -249.9 curveto
133.16 -254.59 139.58 -249.16 142.44 -263.02 curveto
145.31 -276.87 139.17 -290.61 135.51 -305.2 curveto
131.86 -319.78 112.9 -344.01 125.43 -359.09 curveto
137.97 -374.18 149 -376.93 152.87 -385.42 curveto
156.74 -393.92 177.94 -415.6 177.48 -431.07 curveto
177.01 -446.56 180.62 -466.93 179.61 -479.14 curveto
178.6 -491.35 178.91 -505.78 186.04 -514.09 curveto
193.17 -522.41 211.76 -545.75 216.48 -558.62 curveto
221.2 -571.48 230.94 -598.33 235.86 -607.6 curveto
240.77 -616.88 250.6 -628.57 252.77 -642.02 curveto
254.94 -655.47 258.79 -664.33 260.81 -673.82 curveto
262.83 -683.3 267.18 -689.65 258.55 -696.04 curveto
249.91 -702.43 234.81 -708.48 232.19 -716.99 curveto
229.58 -725.51 229.67 -737.4 224 -755.85 curveto
218.33 -774.3 189.16 -821.05 183.26 -823.62 curveto
177.35 -826.19 176.84 -829.04 174.92 -837.96 curveto
173.01 -846.87 155.52 -850.26 145.7 -851.9 curveto
135.88 -853.54 113.45 -861.72 108.96 -871.57 curveto
104.47 -881.43 99.12 -907.46 96.85 -909.5 curveto stroke
newpath 113.63 -912.56 moveto
114.81 -903.97 113.63 -885.52 118.91 -881.12 curveto
124.19 -876.71 134.26 -863.55 140.54 -867.49 curveto
146.82 -871.43 148.69 -876.94 153.23 -879.7 curveto
157.77 -882.47 162.8 -889.58 168.86 -884.14 curveto
174.92 -878.69 181.74 -858.87 185.06 -850.76 curveto
188.38 -842.64 205 -828.38 212.42 -817.61 curveto
219.85 -806.83 234.9 -781.31 240.76 -766.12 curveto
246.61 -750.92 246.05 -734.31 254.29 -728.62 curveto
262.52 -722.93 273.18 -712.33 272.83 -725.65 curveto
272.49 -738.97 273.15 -740.09 272.98 -743.32 curveto stroke
newpath 284.01 -739.23 moveto
282.43 -721.48 281.46 -692.21 280.13 -683.49 curveto
278.79 -674.77 277.63 -655.96 270.6 -639 curveto
263.57 -622.05 248.08 -574.35 239.08 -560.53 curveto
230.09 -546.72 218.94 -519.1 213.14 -506.16 curveto
207.34 -493.24 199.63 -468.67 199.03 -459.62 curveto
198.43 -450.58 193.43 -429.4 184.88 -413.8 curveto
176.34 -398.21 157.76 -368.02 161.99 -356.35 curveto
166.22 -344.68 181.1 -336.1 188.49 -339.38 curveto
195.89 -342.66 233.24 -379.27 243.56 -388.48 curveto stroke
showpage
%%EOF
