%!PS
%%BoundingBox: -266 -107 252 136 
%%HiResBoundingBox: -265.45769 -106.58868 251.28593 135.23 
%%Creator: MetaPost 2.11
%%CreationDate: 2025.10.14:2236
%%Pages: 1
%%BeginProlog
%%EndProlog
%%Page: 1 1
 0 0 0 1 setcmykcolor 0 1.2 dtransform truncate idtransform setlinewidth pop
 [] 0 setdash 1 setlinecap 1 setlinejoin 10 setmiterlimit
newpath 215.26 124.74 moveto
216.57 119.74 225.67 112.85 227.62 109.95 curveto
229.33 107.41 235.32 82.22 236.57 79.76 curveto
237.81 77.29 245.37 68.9 242.94 66.98 curveto
240.62 65.14 237.9 62.96 233.25 63.19 curveto
228.63 63.41 215.16 64.15 213.55 65.8 curveto
211.94 67.44 213.73 70.23 210.38 73.76 curveto
206.7 77.64 202.08 77.5 198.33 79.29 curveto
194.69 81.03 186.2 90.57 183.55 87.12 curveto
180.9 83.65 179.2 76.01 179.69 69.87 curveto
180.15 64.17 187.14 58.97 187.65 55.03 curveto
188.16 51.04 185.32 40.08 182.08 36.02 curveto
178.84 31.97 176.02 24.61 173.58 23.88 curveto
171.09 23.13 98.9 0.6 100.89 1.38 curveto
103.29 2.32 101.44 2.94 105.66 3.35 curveto stroke
 0.6 0.4 0 0.1 setcmykcolor 0 0.84 dtransform truncate idtransform setlinewidth pop
newpath 219.83 120.31 moveto
221.35 116.54 225.88 111.45 227.53 109.23 curveto
229.2 107.1 235.46 81.92 236.72 79.49 curveto
237.99 77.07 245.32 69.03 243.05 66.93 curveto
240.61 65.29 238.06 62.91 233.52 63.13 curveto
228.97 63.35 215.55 64.16 213.89 65.78 curveto
212.27 67.44 214.06 70.16 210.7 73.68 curveto
206.99 77.54 202.27 77.43 198.45 79.27 curveto
194.76 80.99 186.76 90.48 184.08 87.11 curveto
181.45 83.71 179.81 76.14 180.32 70.06 curveto
180.93 64.42 187.6 59.13 188.22 55.23 curveto
188.82 51.29 186.09 40.58 182.93 36.42 curveto
179.62 32.53 177.15 25.17 175.12 24.65 curveto
173.1 24.14 112.93 8 117.13 10.44 curveto
121.33 12.89 118.59 12.45 124.21 14.75 curveto stroke
 0 0.9 0.9 0.2 setcmykcolor
newpath 217.01 134.81 moveto
218.38 129.88 223.82 122.64 225.68 119.28 curveto
227.53 115.91 234.56 85.36 235.77 82.76 curveto
236.97 80.16 244.25 71.35 241.75 69.24 curveto
239.25 67.13 236.89 64.48 232.45 64.68 curveto
228.01 64.88 214.88 65.64 213.23 67.21 curveto
211.58 68.77 213.22 71.31 209.72 74.1 curveto
206.21 76.89 201.89 76.37 198.45 77.91 curveto
195.02 79.45 187.39 88.3 184.98 85.11 curveto
182.57 81.93 181.08 74.93 181.13 69.22 curveto
181.18 63.51 187.43 57.27 187.97 53.13 curveto
188.51 48.98 185.42 37.83 182.02 33.49 curveto
178.62 29.14 176.37 21.49 174.36 20.95 curveto
172.35 20.4 112.79 3.36 116.92 5.86 curveto
121.05 8.36 118.34 7.88 123.89 10.26 curveto stroke
 0 0 0 1 setcmykcolor 0 1.2 dtransform truncate idtransform setlinewidth pop
newpath 99.65 13.47 moveto
95.61 10.56 96.85 12.25 93.5 10.01 curveto
91.58 8.72 81.09 3.99 77.26 2.75 curveto
73.24 1.43 57.48 -4.04 62.08 -10.63 curveto
66.71 -17.28 70.04 -18.54 66.82 -20.73 curveto
63.52 -22.98 48.68 -27.57 39.91 -30.47 curveto
31.43 -33.28 15.54 -33.79 7.26 -37.22 curveto
-1.35 -40.78 -16.82 -44.19 -23.76 -47.39 curveto
-30.68 -50.57 -37.39 -52.69 -41.56 -53.72 curveto
-45.77 -54.75 -65.75 -60.21 -64.13 -56.87 curveto
-62.5 -53.52 -56.03 -51.15 -51.23 -49.23 curveto stroke
 0.6 0.4 0 0.1 setcmykcolor 0 0.84 dtransform truncate idtransform setlinewidth pop
newpath 117.15 21.42 moveto
111.7 19.1 113.98 20.31 108.48 17.46 curveto
102.98 14.61 81.72 4.3 78.03 3.15 curveto
74.35 1.99 59.4 -3.04 63.47 -9.91 curveto
67.65 -16.78 70.64 -18.21 67.47 -20.39 curveto
64.29 -22.57 50.01 -26.86 41.2 -29.82 curveto
32.39 -32.77 15.76 -33.69 7.28 -37.21 curveto
-1.2 -40.72 -16.52 -44.05 -23.54 -47.28 curveto
-30.56 -50.51 -37.35 -52.67 -41.55 -53.71 curveto
-45.75 -54.75 -65.69 -60.18 -64.07 -56.84 curveto
-62.45 -53.5 -56.01 -51.14 -51.23 -49.23 curveto stroke
 0 0.9 0.9 0.2 setcmykcolor
newpath 116.77 16.74 moveto
111.4 14.35 113.65 15.58 108.23 12.66 curveto
102.81 9.73 81.95 -0.8 78.29 -1.92 curveto
74.63 -3.03 59.79 -7.65 63.68 -14.4 curveto
67.56 -21.15 70.46 -22.64 67.26 -24.69 curveto
64.06 -26.74 49.83 -30.52 41.05 -33.16 curveto
32.27 -35.8 15.83 -36.19 7.36 -39.39 curveto
-1.12 -42.59 -16.33 -45.4 -23.36 -48.37 curveto
-30.38 -51.34 -37.14 -53.26 -41.32 -54.15 curveto
-45.49 -55.05 -65.33 -59.78 -63.63 -56.54 curveto
-61.93 -53.3 -55.5 -51.17 -50.72 -49.43 curveto stroke
 0 0 0 1 setcmykcolor 0 1.2 dtransform truncate idtransform setlinewidth pop
newpath -54.19 -40.6 moveto
-59 -42.52 -81.44 -50.87 -86.64 -54.01 curveto
-91.86 -57.17 -101.85 -57.92 -101.94 -63.14 curveto
-102.04 -68.36 -104.81 -69.3 -110.44 -69.38 curveto
-116.06 -69.46 -198.03 -77.47 -204.2 -78.4 curveto
-210.39 -79.34 -232.15 -78.8 -234.34 -79.06 curveto stroke
 0.6 0.4 0 0.1 setcmykcolor 0 0.84 dtransform truncate idtransform setlinewidth pop
newpath -54.19 -40.6 moveto
-58.98 -42.51 -81.42 -50.87 -86.63 -54.01 curveto
-91.85 -57.16 -101.8 -57.89 -101.89 -63.12 curveto
-102 -68.34 -104.75 -69.27 -110.34 -69.34 curveto
-115.93 -69.4 -198.01 -77.47 -204.19 -78.4 curveto
-210.37 -79.33 -231.97 -78.72 -234.14 -78.96 curveto stroke
 0 0.9 0.9 0.2 setcmykcolor
newpath -53.38 -40.83 moveto
-58.16 -42.56 -80.55 -50.11 -85.79 -53.05 curveto
-91.04 -55.99 -100.88 -56.41 -101.13 -61.55 curveto
-101.39 -66.7 -104.14 -67.54 -109.66 -67.43 curveto
-115.17 -67.31 -196.39 -72.72 -202.52 -73.44 curveto
-208.64 -74.17 -229.92 -72.9 -232.08 -73.07 curveto stroke
 0 0 0 1 setcmykcolor 0 1.2 dtransform truncate idtransform setlinewidth pop
newpath -233.71 -84.13 moveto
-222.73 -82.87 -210.56 -85.82 -203.45 -84.75 curveto
-196.38 -83.68 -90.49 -75.44 -85.38 -74.45 curveto
-80.3 -73.47 -63.44 -73.69 -64.34 -70.57 curveto
-65.25 -67.45 -68.4 -65.84 -61.67 -64.58 curveto
-54.92 -63.31 -47.94 -64.56 -41.73 -63.27 curveto
-35.56 -61.98 -14.61 -56.58 -9.78 -53.6 curveto
-4.89 -50.59 4.09 -44.81 9.25 -43.63 curveto
14.29 -42.48 51.53 -36.32 56.91 -35.8 curveto
62.38 -35.26 83.7 -32.27 85.43 -35.74 curveto
87.17 -39.22 88.72 -78.13 87.87 -80.42 curveto
87.02 -82.71 87.96 -87.64 86.69 -91.34 curveto stroke
 0.6 0.4 0 0.1 setcmykcolor 0 0.84 dtransform truncate idtransform setlinewidth pop
newpath -233.51 -84.05 moveto
-222.63 -82.82 -210.54 -85.81 -203.45 -84.75 curveto
-196.36 -83.68 -90.48 -75.44 -85.38 -74.45 curveto
-80.28 -73.46 -63.34 -73.64 -64.25 -70.53 curveto
-65.17 -67.41 -68.33 -65.8 -61.59 -64.54 curveto
-54.86 -63.28 -47.89 -64.55 -41.7 -63.25 curveto
-35.5 -61.96 -14.29 -56.42 -9.45 -53.44 curveto
-4.6 -50.45 4.17 -44.79 9.28 -43.62 curveto
14.39 -42.45 52.78 -35.66 58.03 -35.22 curveto
63.28 -34.78 84.34 -31.93 86.32 -35.28 curveto
88.29 -38.63 90.92 -77 90.07 -79.29 curveto
89.22 -81.59 90.19 -86.51 88.9 -90.22 curveto stroke
 0 0.9 0.9 0.2 setcmykcolor
newpath -231.61 -78.1 moveto
-220.84 -77.24 -209 -80.56 -201.98 -79.73 curveto
-194.96 -78.9 -90.25 -74.07 -85.19 -73.25 curveto
-80.13 -72.43 -63.43 -73.13 -64.24 -70.04 curveto
-65.05 -66.94 -68.11 -65.25 -61.43 -64.21 curveto
-54.74 -63.18 -47.91 -64.65 -41.76 -63.57 curveto
-35.61 -62.48 -14.52 -57.68 -9.65 -54.88 curveto
-4.77 -52.09 4.06 -46.78 9.13 -45.78 curveto
14.21 -44.79 52.29 -39.29 57.49 -39.01 curveto
62.68 -38.74 83.54 -36.59 85.4 -39.96 curveto
87.25 -43.32 88.84 -81.25 87.94 -83.5 curveto
87.03 -85.74 87.87 -90.62 86.49 -94.25 curveto stroke
 0 0 0 1 setcmykcolor 0 1.2 dtransform truncate idtransform setlinewidth pop
newpath 101.12 -93.22 moveto
100.21 -90.28 99.91 -82.88 98.72 -79.19 curveto
97.54 -75.49 93.69 -44.67 97.89 -43.29 curveto
102.07 -41.92 120.83 -39.74 123.5 -35.4 curveto
126.03 -31.29 111.65 -12.28 111.35 -10.31 curveto
111.04 -8.28 110.34 -7.42 116.94 -5.43 curveto
125.68 -2.8 135.66 -2.25 145.19 0.48 curveto
154.75 3.23 184.8 11.67 189.23 15.95 curveto
193.35 19.93 192.68 21.31 192.98 26.06 curveto
193.26 30.65 190.74 55.97 192.54 59.48 curveto
194.15 62.65 194.61 62.46 197.99 59.76 curveto
200.46 57.79 203.29 54.62 213.2 54.02 curveto
223.26 53.41 239.71 49.85 244.91 52.08 curveto
249.93 54.23 252 54.55 249.83 61.12 curveto
247.7 67.51 243.98 78.41 243.82 82.2 curveto
243.66 85.97 239.81 89.3 240.6 92.32 curveto
241.4 95.42 233.8 102.03 236.24 103.08 curveto
238.33 103.98 242.95 102 242.01 106.09 curveto
241.18 109.65 240.83 112.04 240.11 114.41 curveto
239.43 116.69 240.62 119.23 240.59 120.9 curveto stroke
 0.6 0.4 0 0.1 setcmykcolor 0 0.84 dtransform truncate idtransform setlinewidth pop
newpath 103.58 -91.97 moveto
102.66 -89.04 102.37 -81.63 101.14 -77.95 curveto
99.92 -74.27 95.2 -43.87 99.43 -42.48 curveto
103.66 -41.08 124.14 -37.94 127.42 -33.31 curveto
130.66 -28.75 119.88 -7.73 121.35 -4.74 curveto
122.91 -1.59 123.08 0.16 130.68 2.43 curveto
138.27 4.71 145.86 3.4 153.39 4.96 curveto
160.92 6.53 185.94 12.29 189.83 16.24 curveto
193.65 20.13 192.71 21.43 193.1 26.12 curveto
193.33 30.77 191.17 56.08 192.75 59.54 curveto
194.32 62.66 195.12 62.93 198.02 59.76 curveto
200.84 58.31 203.5 54.62 213.63 54.1 curveto
223.76 53.41 239.95 49.91 245.03 52.08 curveto
249.96 54.27 251.91 54.5 249.83 61.12 curveto
247.63 67.43 244.11 78.19 243.9 81.92 curveto
243.68 85.65 239.74 88.98 240.52 92.01 curveto
241.24 95.13 233.77 102.04 236.21 103.03 curveto
238.19 103.88 243.16 101.82 241.59 105.75 curveto
240.84 109.2 239.66 111.39 237.74 113.38 curveto
235.97 115.41 236.37 117.86 235.45 119.39 curveto stroke
 0 0.9 0.9 0.2 setcmykcolor
newpath 100.93 -96.36 moveto
100.11 -93.44 100.02 -86.13 98.9 -82.47 curveto
97.78 -78.8 93.92 -48.7 98.13 -47.46 curveto
102.34 -46.21 122.7 -43.66 126.11 -39.14 curveto
129.53 -34.61 119.81 -12.57 121.34 -9.32 curveto
122.86 -6.06 123.01 -4.29 130.52 -1.9 curveto
138.04 0.5 145.6 -0.68 153.05 1 curveto
160.51 2.69 185.08 8.63 188.98 12.57 curveto
192.88 16.52 191.92 17.85 192.33 22.63 curveto
192.74 27.41 191.07 53.93 192.8 57.53 curveto
194.53 61.13 195.37 62.66 197.94 61.37 curveto
200.5 60.09 203.05 56.48 212.98 55.82 curveto
222.9 55.15 238.48 51.69 243.47 53.76 curveto
248.46 55.83 250.43 56.02 248.51 62.78 curveto
246.59 69.54 243.46 81.04 243.44 84.96 curveto
243.42 88.89 239.46 92.61 240.43 95.74 curveto
241.41 98.86 233.87 106.63 236.96 107.26 curveto
240.04 107.89 245.66 104.74 245.37 109.76 curveto
245.08 114.77 244.13 118.24 242.11 121.8 curveto
240.1 125.36 241.09 128.66 240.05 131.07 curveto stroke
 0 0 0 1 setcmykcolor 0.6
 0 dtransform exch truncate exch idtransform pop setlinewidth
newpath 93.32526 -82.31036 moveto
93.51378 -103.90974 lineto stroke
 0 0.6 dtransform truncate idtransform setlinewidth pop
newpath 90.96202 -86.53127 moveto
92.60223 -85.918 93.34097 -84.11113 93.32526 -82.31036 curveto stroke
newpath 95.7618 -86.48936 moveto
94.11115 -85.90482 93.34097 -84.11113 93.32526 -82.31036 curveto stroke
newpath 93.51378 -103.90974 moveto
95.93462 -106.28868 lineto stroke
newpath 93.49283 -101.50986 moveto
95.91367 -103.8888 lineto stroke
newpath 93.4719 -99.10995 moveto
95.89272 -101.4889 lineto stroke
 0 1.99252 dtransform truncate idtransform setlinewidth pop
newpath 93.43 -94.31 moveto 0 0 rlineto stroke
 0.6 0.4 0 0.1 setcmykcolor
newpath 95.76 -93.14 moveto 0 0 rlineto stroke
 0 0.9 0.9 0.2 setcmykcolor
newpath 93.18 -97.31 moveto 0 0 rlineto stroke
 0 0.4 0.8 0 setcmykcolor 0 0.6 dtransform truncate idtransform setlinewidth pop
newpath -190.66 -74.58992 moveto
-190.66 -67.99007 lineto
-192.45993 -64.99007 lineto stroke
newpath -190.66 -67.99007 moveto
-188.86008 -64.99007 lineto stroke
 0 0 0 1 setcmykcolor 0 1.99252 dtransform truncate idtransform setlinewidth pop
newpath -190.66 -69.79 moveto 0 0 rlineto stroke
 0.6 0.4 0 0.1 setcmykcolor
newpath -190.57 -69.75 moveto 0 0 rlineto stroke
 0 0.9 0.9 0.2 setcmykcolor
newpath -188.81 -65.34 moveto 0 0 rlineto stroke
 0 0 0 1 setcmykcolor
newpath 8.93315 -52.70952 moveto
9.35739 -53.13376 9.99376 -52.49739 9.56952 -52.07315 curveto
6.81181 -49.31544 lineto
7.76645 -48.36082 lineto
6.28148 -46.87587 lineto
3.73587 -49.42148 lineto
5.22083 -50.90645 lineto
6.17545 -49.95181 lineto
 closepath fill
newpath 7.13 -50.27 moveto 0 0 rlineto stroke
 0.6 0.4 0 0.1 setcmykcolor
newpath 7.31 -50.18 moveto 0 0 rlineto stroke
 0 0.9 0.9 0.2 setcmykcolor
newpath 6.98 -52.2 moveto 0 0 rlineto stroke
 0 0 0 1 setcmykcolor 0 0.6 dtransform truncate idtransform setlinewidth pop
newpath 177.39 -6.72 moveto
118.05 -2.76 lineto stroke
newpath 120.96346 -4.15718 moveto
118.05 -2.76 lineto
121.12328 -1.76234 lineto stroke
newpath 181.42 -5.73 moveto
189.53 29.92 lineto stroke
newpath 187.69438 27.26094 moveto
189.53 29.92 lineto
190.03471 26.72856 lineto stroke
newpath -241.11256 -83.78122 moveto
-262.708 -83.32903 lineto stroke
newpath -245.26149 -81.29384 moveto
-244.69716 -82.9515 -242.91301 -83.74352 -241.11256 -83.78122 curveto stroke
newpath -245.36198 -86.09273 moveto
-244.72874 -84.46014 -242.91301 -83.74352 -241.11256 -83.78122 curveto stroke
newpath -262.708 -83.32903 moveto
-265.15768 -85.67822 lineto stroke
newpath -260.30853 -83.37926 moveto
-262.75824 -85.72847 lineto stroke
newpath -257.90909 -83.4295 moveto
-260.35878 -85.7787 lineto stroke
 0 1.99252 dtransform truncate idtransform setlinewidth pop
newpath -253.11 -83.53 moveto 0 0 rlineto stroke
 0.6 0.4 0 0.1 setcmykcolor
newpath -252.75 -83.37 moveto 0 0 rlineto stroke
 0 0.9 0.9 0.2 setcmykcolor
newpath -250.58 -76.85 moveto 0 0 rlineto stroke
 0.83 0.54 0 0 setcmykcolor 0 0.42001
 dtransform truncate idtransform setlinewidth pop
newpath 90.68 -48.52 moveto
88.75189 -47.37901 89.1797 -44.61403 90.6102 -42.4746 curveto
92.24933 -40.02313 92.90189 -37.0508 90.77042 -36.43098 curveto
88.58365 -35.7951 88.72963 -32.49507 91.165 -30.39812 curveto
93.1948 -28.65038 93.7275 -25.74374 91.8447 -24.39098 curveto
89.37209 -22.61444 90.15657 -18.8883 92.90652 -18.43959 curveto
95.10638 -18.08064 95.35846 -15.19772 94.5357 -12.6217 curveto
93.7362 -10.11847 94.81801 -7.4049 97.12933 -7.17586 curveto
99.68797 -6.9223 101.96898 -5.29863 101.5029 -3.11668 curveto
100.9485 -0.52127 104.53044 -2.24454 107.41 -2.85 curveto
107.41 -2.85 lineto stroke
newpath 103.44896 -3.40733 moveto
104.58946 -3.18364 106.1087 -3.09415 107.41 -2.85 curveto
107.41 -2.85 lineto
107.41 -2.85 lineto
106.31723 -2.10248 105.1797 -1.09145 104.21507 -0.44316 curveto
 closepath stroke
newpath 103.44896 -3.40733 moveto
104.58946 -3.18364 106.1087 -3.09415 107.41 -2.85 curveto
107.41 -2.85 lineto
107.41 -2.85 lineto
106.31723 -2.10248 105.1797 -1.09145 104.21507 -0.44316 curveto
 closepath fill
newpath 115.73 -1.05 moveto
116.24417 1.36597 119.4575 1.89066 122.04002 0.36642 curveto
124.50818 -1.09032 127.64082 -0.5194 128.32593 1.88513 curveto
129.10086 4.60493 132.52837 5.48866 134.58937 3.49498 curveto
137.22913 0.94147 141.07874 2.4866 140.82718 5.20038 curveto
140.559 8.09338 144.59114 9.7169 147.03503 7.0125 curveto
148.6626 5.21143 151.59024 6.45879 153.20476 8.94864 curveto
154.5995 11.09955 157.20782 12.23216 159.32553 11.03558 curveto
161.84709 9.6108 164.98657 10.73376 165.3779 13.31424 curveto
165.733 15.6559 168.65845 16.0486 171.32521 15.85098 curveto
173.98503 15.65388 176.80215 16.40973 177.0957 18.76802 curveto
177.39316 21.15776 179.91931 22.44617 182.4897 22.32236 curveto
184.85077 22.20863 185.4936 25.10179 186.67 27.18 curveto
186.67 27.18 lineto stroke
newpath 186.32533 23.19487 moveto
186.59372 24.38997 186.50874 25.86893 186.67 27.18 curveto
186.67 27.18 lineto
186.67 27.18 lineto
185.62889 26.36697 184.64319 25.26112 183.60832 24.60585 curveto
 closepath stroke
newpath 186.32533 23.19487 moveto
186.59372 24.38997 186.50874 25.86893 186.67 27.18 curveto
186.67 27.18 lineto
186.67 27.18 lineto
185.62889 26.36697 184.64319 25.26112 183.60832 24.60585 curveto
 closepath fill
newpath 188.12 36.57 moveto
186.05658 37.66663 186.38335 40.5981 187.92165 42.8406 curveto
189.40607 45.00458 190.0822 47.78539 188.18723 49.10817 curveto
185.61414 50.90433 186.28937 54.73602 189.08305 55.31474 curveto
191.67476 55.85164 192.75659 58.9916 191.13107 61.22426 curveto
188.34248 65.05443 193.75491 68.37091 195.68988 65.27248 curveto
196.8781 63.36981 199.49907 64.22972 201.75081 64.27684 curveto
203.90622 64.32195 205.8367 63.18005 207.53563 61.85117 curveto
209.34676 60.43451 211.44096 58.99452 213.49303 59.8842 curveto
215.84457 60.90373 218.64406 60.47844 219.56593 58.30724 curveto
220.6631 55.72319 223.99574 55.09189 225.72888 57.13454 curveto
227.35173 59.0472 230.40895 58.64903 231.96652 56.47964 curveto
233.67386 54.10164 237.16833 54.27847 238.22466 56.73128 curveto
239.07745 58.7115 242.4821 57.83165 243.22 59.92 curveto
243.22 59.92 lineto stroke
newpath 240.73863 56.7827 moveto
241.77069 57.73335 243.29846 58.44255 243.22 59.92 curveto
243.22 59.92 lineto
243.22 59.92 lineto
242.23074 58.81981 240.64899 59.39867 239.247 59.45625 curveto
 closepath stroke
newpath 240.73863 56.7827 moveto
241.77069 57.73335 243.29846 58.44255 243.22 59.92 curveto
243.22 59.92 lineto
243.22 59.92 lineto
242.23074 58.81981 240.64899 59.39867 239.247 59.45625 curveto
 closepath fill
newpath 233.61 107.54 moveto
231.27126 108.59682 231.38754 111.71332 232.23201 114.42073 curveto
232.97333 116.79744 230.93964 118.86044 228.86 120.45 curveto
228.86 120.45 lineto stroke
newpath 232.55106 118.90863 moveto
231.5243 119.62877 230.17345 120.10072 228.86 120.45 curveto
228.86 120.45 lineto
228.86 120.45 lineto
229.54176 119.27428 230.16322 117.98534 230.38 116.75009 curveto
 closepath stroke
newpath 232.55106 118.90863 moveto
231.5243 119.62877 230.17345 120.10072 228.86 120.45 curveto
228.86 120.45 lineto
228.86 120.45 lineto
229.54176 119.27428 230.16322 117.98534 230.38 116.75009 curveto
 closepath fill
 0 0 0 1 setcmykcolor 0 3.98505 dtransform truncate idtransform setlinewidth pop
newpath 98.59 -2.68 moveto 0 0 rlineto stroke
newpath 100.89 1.38 moveto 0 0 rlineto stroke
 0 0.84 dtransform truncate idtransform setlinewidth pop
newpath 98.59 -2.68 moveto
100.89 1.38 lineto stroke
 1 0.85 0 setrgbcolor 0 3.98505 dtransform truncate idtransform setlinewidth pop
newpath 107.47 -2.61 moveto 0 0 rlineto stroke
newpath 116.92 5.86 moveto 0 0 rlineto stroke
 0 0.84 dtransform truncate idtransform setlinewidth pop
newpath 98.59 -2.68 moveto
107.47 -2.61 lineto
116.92 5.86 lineto
100.89 1.38 lineto stroke
showpage
%%EOF
