%!PS
%%BoundingBox: -714 -149 724 166 
%%HiResBoundingBox: -713.61 -148.58562 723.19394 165.84001 
%%Creator: MetaPost 2.11
%%CreationDate: 2025.10.14:2236
%%Pages: 1
%%BeginProlog
%%EndProlog
%%Page: 1 1
 0 0.42001 dtransform truncate idtransform setlinewidth pop [] 0 setdash
 1 setlinecap 1 setlinejoin 10 setmiterlimit
newpath -707.39 -141.94 moveto
-707.88 -141.98 -646.18 -113.86 -635.88 -106.74 curveto
-624.49 -98.88 -606.08 -79.65 -594.85 -58.14 curveto
-584.01 -37.38 -574.74 -20.76 -566.44 -8.48 curveto
-558.06 3.9 -544.26 1.8 -530.48 4.69 curveto
-516.75 7.56 -477.66 -7.17 -468.23 -5.86 curveto
-458.86 -4.55 -411.29 15.27 -404.92 21.07 curveto
-398.55 26.87 -364.22 45.89 -351.37 56.06 curveto
-338.62 66.16 -301.1 59.15 -295.57 61.39 curveto
-290.06 63.62 -269.33 80.54 -258.19 86.45 curveto
-247.09 92.34 -202.38 85.28 -190.15 84.63 curveto
-177.94 83.98 -163.54 70.23 -154.34 66.85 curveto
-145.15 63.48 -115.33 41.33 -109.75 37.79 curveto stroke
newpath -109.75 37.79 moveto
-105.86 36.49 -77.92 19.5 -101.94 29.07 curveto stroke
newpath -104.71 17.68 moveto
-92.21 15.57 -68.1 7.8 -58.5 5.49 curveto stroke
newpath -58.5 5.49 moveto
-54.62 3.85 41.01 -41.99 53.42 -45.89 curveto
65.83 -49.8 116.4 -61.5 127.94 -61.4 curveto
139.48 -61.29 197.74 -64.03 213.48 -66.31 curveto
229.22 -68.58 269.53 -83.35 292.39 -94.31 curveto
315.23 -105.26 361.04 -111.66 370.73 -112.53 curveto
380.41 -113.41 434.36 -109.07 456.33 -109.52 curveto
478.3 -109.96 512.28 -108.17 526.46 -106.04 curveto
540.63 -103.92 564.62 -100.14 578.04 -98.69 curveto
591.45 -97.25 607.45 -115.03 618.04 -119.2 curveto
628.64 -123.37 630.26 -133.55 635.29 -140.67 curveto
640.32 -147.79 662.93 -149.71 676.02 -147.52 curveto
689.11 -145.33 716.1 -125.85 721.76 -121.1 curveto
727.42 -116.35 712.12 -112.66 703.04 -107.13 curveto
693.96 -101.6 674.53 -100.94 662.25 -101.37 curveto
649.97 -101.8 651.92 -112.72 645.97 -116.01 curveto
640.03 -119.29 597.07 -93.22 583.08 -85.26 curveto
569.08 -77.31 542.7 -92.13 529.98 -93.98 curveto
517.27 -95.82 450.8 -91.56 441.01 -92.48 curveto
431.23 -93.41 398.45 -99.59 383.52 -102.4 curveto
368.59 -105.21 327.24 -89.67 308.8 -84 curveto
290.35 -78.34 219.54 -54.01 209.93 -51.7 curveto
200.32 -49.39 148.66 -51.32 131.03 -50.74 curveto
113.4 -50.17 68.18 -39.47 57.48 -37.46 curveto
46.77 -35.45 -54.5 12.85 -62.61 16.16 curveto
-70.72 19.47 -87.38 38.39 -100.33 45.57 curveto stroke
newpath -100.33 45.57 moveto
-113.28 52.76 -125.07 61.69 -143.87 73.86 curveto
-162.69 86.05 -164.57 84.71 -174.35 90.64 curveto
-184.11 96.56 -249.32 97.88 -260.4 98.82 curveto
-271.54 99.78 -294.01 77.52 -302.13 73.63 curveto
-310.29 69.73 -345.76 67.29 -352.98 66.24 curveto
-360.25 65.18 -401.14 40.31 -415.86 31.38 curveto
-430.66 22.39 -464.16 11.19 -477.63 7.26 curveto
-491.27 3.27 -528.09 16.08 -538.69 17.71 curveto
-549.45 19.37 -557.31 13.63 -565.36 10.46 curveto
-573.48 7.27 -584.72 -11.86 -592.71 -21.25 curveto
-600.68 -30.62 -594.39 7.34 -594.43 13.46 curveto
-594.47 19.59 -604.61 34.6 -610.64 50.03 curveto
-616.68 65.5 -618.06 80.68 -618.99 95.15 curveto
-619.91 109.57 -617 125.98 -614.98 134.21 curveto
-612.98 142.32 -559.13 146.16 -555.66 147.17 curveto stroke
newpath -560.22 165.63 moveto
-561.14 165 -591.89 154.63 -603.23 151.06 curveto
-614.56 147.49 -626.94 142.4 -630.05 137.21 curveto
-633.23 131.92 -626.04 63.13 -623.99 53.97 curveto
-621.96 44.89 -611.27 15.82 -606.45 11.22 curveto
-601.64 6.64 -606.39 -22.32 -605.83 -25.24 curveto
-605.27 -28.17 -603.42 -27.18 -603.91 -29.7 curveto
-604.46 -32.47 -618.64 -47.04 -624.36 -56.16 curveto
-630.06 -65.28 -643.15 -80.07 -648.25 -88.34 curveto
-653.04 -96.11 -710.37 -129.63 -713.4 -131.81 curveto stroke
showpage
%%EOF
