%!PS
%%BoundingBox: -110 -113 114 103 
%%HiResBoundingBox: -109.93001 -112.70471 113.39983 102.91 
%%Creator: MetaPost 2.11
%%CreationDate: 2025.10.14:2236
%%Pages: 1
%%BeginProlog
%%EndProlog
%%Page: 1 1
 0 0 0 1 setcmykcolor 0 1.2 dtransform truncate idtransform setlinewidth pop
 [] 0 setdash 1 setlinecap 1 setlinejoin 10 setmiterlimit
newpath -73.38 44.07 moveto
-73.9 40.85 -92.16 19.61 -87.66 13.59 curveto
-81.23 4.99 -72.86 10.34 -69.37 8.01 curveto
-65.88 5.68 -67.18 4.84 -66.45 1.38 curveto
-65.72 -2.08 -26.6 -27.77 -26.05 -31.23 curveto
-25.5 -34.68 -23.52 -49.55 -22.79 -53.01 curveto
-22.05 -56.47 -15.38 -71.21 -8.4 -72.09 curveto
-1.41 -72.97 14.18 -74.64 14.38 -78.07 curveto
14.57 -81.5 14.15 -101.13 16.03 -103.38 curveto
17.9 -105.63 40.95 -106.04 40.29 -101.14 curveto
39.62 -96.24 23.3 -72.38 17.06 -71.17 curveto
10.81 -69.97 -4.17 -66.71 -4.28 -61.48 curveto
-4.38 -56.25 0.88 -44.43 0.03 -39.71 curveto
-0.82 -34.98 -4.29 -21.11 -9.01 -18.18 curveto
-13.74 -15.25 -26.85 -3.25 -31.99 -1.56 curveto
-37.14 0.13 -53.74 9.3 -56.11 13.16 curveto
-58.48 17.03 -58.92 19.04 -54.15 17 curveto
-49.39 14.97 -43.13 2.95 -38.5 5.42 curveto
-33.87 7.9 -27.98 14.28 -20.15 8.49 curveto
-12.32 2.71 3.9 -19.35 7.34 -22.76 curveto
10.78 -26.17 29.98 -24.23 34.81 -25 curveto
39.63 -25.78 44.86 -22.07 48.84 -25.51 curveto
52.82 -28.94 62.35 -40.4 66.79 -45.3 curveto
71.24 -50.21 85.47 -42.97 86.67 -51.68 curveto
87.87 -60.39 92.59 -78.1 89.93 -80.85 curveto
87.27 -83.61 84.53 -88.16 86.4 -94.2 curveto
88.26 -100.23 104.55 -121.03 109.52 -107.76 curveto
114.49 -94.49 113.37 -80.55 109.11 -75.66 curveto
104.84 -70.77 93.82 -49.14 89.7 -44.98 curveto
85.57 -40.81 63.26 -21.7 62.35 -18.23 curveto
61.43 -14.77 57.36 -9.52 53.85 -11.33 curveto
50.34 -13.14 42.69 -14.75 37.2 -12.86 curveto
31.7 -10.97 30.68 -6.06 26.03 -1.69 curveto
21.38 2.69 6.1 3.43 0.86 6.93 curveto
-4.38 10.43 -23.21 23.24 -25.1 25.32 curveto
-26.98 27.39 -38.69 31.02 -42.53 29.95 curveto
-46.37 28.88 -47.58 29.84 -51.55 33.45 curveto
-55.52 37.07 -70.72 50.61 -73.38 44.07 curveto stroke
 0.6 0.4 0 0.1 setcmykcolor 0 0.84 dtransform truncate idtransform setlinewidth pop
newpath -73.38 44.07 moveto
-73.9 40.85 -92.16 19.61 -87.66 13.59 curveto
-81.23 4.99 -72.86 10.34 -69.37 8.01 curveto
-65.88 5.68 -67.18 4.84 -66.45 1.38 curveto
-65.72 -2.08 -26.6 -27.77 -26.05 -31.23 curveto
-25.5 -34.68 -23.52 -49.55 -22.79 -53.01 curveto
-22.05 -56.47 -15.38 -71.21 -8.4 -72.09 curveto
-1.41 -72.97 14.18 -74.64 14.38 -78.07 curveto
14.57 -81.5 14.15 -101.13 16.03 -103.38 curveto
17.9 -105.63 40.95 -106.04 40.29 -101.14 curveto
39.62 -96.24 23.3 -72.38 17.06 -71.17 curveto
10.81 -69.97 -4.17 -66.71 -4.28 -61.48 curveto
-4.38 -56.25 0.88 -44.43 0.03 -39.71 curveto
-0.82 -34.98 -4.29 -21.11 -9.01 -18.18 curveto
-13.74 -15.25 -26.85 -3.25 -31.99 -1.56 curveto
-37.14 0.13 -53.74 9.3 -56.11 13.16 curveto
-58.48 17.03 -58.92 19.04 -54.15 17 curveto
-49.39 14.97 -43.13 2.95 -38.5 5.42 curveto
-33.87 7.9 -27.98 14.28 -20.15 8.49 curveto
-12.32 2.71 3.9 -19.35 7.34 -22.76 curveto
10.78 -26.17 29.98 -24.23 34.81 -25 curveto
39.63 -25.78 44.86 -22.07 48.84 -25.51 curveto
52.82 -28.94 62.35 -40.4 66.79 -45.3 curveto
71.24 -50.21 85.47 -42.97 86.67 -51.68 curveto
87.87 -60.39 92.59 -78.1 89.93 -80.85 curveto
87.27 -83.61 84.53 -88.16 86.4 -94.2 curveto
88.26 -100.23 104.55 -121.03 109.52 -107.76 curveto
114.5 -94.49 113.37 -80.55 109.11 -75.66 curveto
104.84 -70.77 93.82 -49.14 89.7 -44.98 curveto
85.57 -40.81 63.26 -21.7 62.35 -18.23 curveto
61.43 -14.77 57.36 -9.52 53.85 -11.33 curveto
50.34 -13.14 42.69 -14.75 37.2 -12.86 curveto
31.7 -10.97 30.68 -6.06 26.03 -1.69 curveto
21.38 2.69 6.1 3.43 0.86 6.93 curveto
-4.38 10.43 -23.21 23.24 -25.1 25.32 curveto
-26.98 27.39 -38.69 31.02 -42.53 29.95 curveto
-46.37 28.88 -47.58 29.84 -51.55 33.45 curveto
-55.52 37.07 -70.72 50.61 -73.38 44.07 curveto stroke
 0 0.9 0.9 0.2 setcmykcolor
newpath -73.38 44.07 moveto
-73.9 40.85 -92.16 19.61 -87.66 13.59 curveto
-81.23 4.99 -72.86 10.34 -69.37 8.01 curveto
-65.88 5.68 -67.18 4.84 -66.45 1.38 curveto
-65.72 -2.08 -26.6 -27.77 -26.05 -31.23 curveto
-25.5 -34.68 -23.52 -49.55 -22.79 -53.01 curveto
-22.05 -56.47 -15.38 -71.21 -8.4 -72.09 curveto
-1.41 -72.97 14.18 -74.64 14.38 -78.07 curveto
14.57 -81.5 14.15 -101.13 16.03 -103.38 curveto
17.9 -105.63 40.95 -106.04 40.28 -101.14 curveto
39.62 -96.24 23.3 -72.38 17.06 -71.17 curveto
10.81 -69.97 -4.17 -66.71 -4.28 -61.48 curveto
-4.38 -56.25 0.88 -44.43 0.03 -39.71 curveto
-0.82 -34.98 -4.29 -21.11 -9.01 -18.18 curveto
-13.74 -15.25 -26.85 -3.25 -31.99 -1.56 curveto
-37.14 0.13 -53.74 9.3 -56.11 13.16 curveto
-58.48 17.03 -58.92 19.04 -54.15 17 curveto
-49.39 14.97 -43.13 2.95 -38.5 5.42 curveto
-33.87 7.9 -27.98 14.28 -20.15 8.49 curveto
-12.32 2.71 3.9 -19.35 7.34 -22.76 curveto
10.78 -26.17 29.98 -24.23 34.81 -25 curveto
39.63 -25.78 44.86 -22.07 48.84 -25.51 curveto
52.81 -28.94 62.35 -40.4 66.79 -45.3 curveto
71.24 -50.21 85.47 -42.97 86.67 -51.68 curveto
87.86 -60.39 92.59 -78.1 89.93 -80.85 curveto
87.27 -83.61 84.53 -88.16 86.4 -94.2 curveto
88.26 -100.23 104.55 -121.03 109.52 -107.76 curveto
114.5 -94.48 113.37 -80.55 109.11 -75.66 curveto
104.84 -70.77 93.82 -49.14 89.7 -44.98 curveto
85.58 -40.81 63.26 -21.7 62.35 -18.23 curveto
61.44 -14.77 57.37 -9.52 53.85 -11.33 curveto
50.34 -13.14 42.69 -14.75 37.2 -12.86 curveto
31.7 -10.97 30.68 -6.06 26.03 -1.69 curveto
21.38 2.69 6.1 3.43 0.86 6.93 curveto
-4.38 10.43 -23.21 23.24 -25.1 25.32 curveto
-26.98 27.39 -38.69 31.02 -42.53 29.95 curveto
-46.37 28.88 -47.58 29.84 -51.55 33.45 curveto
-55.52 37.07 -70.72 50.61 -73.38 44.07 curveto stroke
 0 0 0 1 setcmykcolor 0 0.6 dtransform truncate idtransform setlinewidth pop
newpath -109.63 102.61 moveto
-68.38 32.11 lineto stroke
newpath -68.85922 35.30539 moveto
-68.38 32.11 lineto
-70.93082 34.09329 lineto stroke
 0 3.98505 dtransform truncate idtransform setlinewidth pop
newpath 27.65 -17.52 moveto 0 0 rlineto stroke
newpath 32.3 -16.31 moveto 0 0 rlineto stroke
 0 0.84 dtransform truncate idtransform setlinewidth pop
newpath 27.65 -17.52 moveto
32.3 -16.31 lineto stroke
 1 0.85 0 setrgbcolor 0 3.98505 dtransform truncate idtransform setlinewidth pop
newpath 27.65 -17.52 moveto 0 0 rlineto stroke
newpath 32.3 -16.31 moveto 0 0 rlineto stroke
 0 0.84 dtransform truncate idtransform setlinewidth pop
newpath 27.65 -17.52 moveto
27.65 -17.52 lineto
32.3 -16.31 lineto
32.3 -16.31 lineto stroke
showpage
%%EOF
