%!PS
%%BoundingBox: -71 -183 63 139 
%%HiResBoundingBox: -70.59001 -182.68127 62.10306 138.65001 
%%Creator: MetaPost 2.11
%%CreationDate: 2025.10.14:2236
%%Pages: 1
%%BeginProlog
%%EndProlog
%%Page: 1 1
 0 0.42001 dtransform truncate idtransform setlinewidth pop [] 0 setdash
 1 setlinecap 1 setlinejoin 10 setmiterlimit
newpath 15.9 -40.1 moveto
15.1 -42.61 9.35 -42.8 6.74 -42.64 curveto
3.09 -42.42 -3.05 -34 -4.86 -31.6 curveto
-6.5 -29.4 -8.02 -27.09 -9.64 -24.85 curveto
-11.46 -22.34 -13.75 -20.1 -15.18 -17.33 curveto
-19.41 -9.13 -17.96 1.18 -18.47 9.93 curveto
-19.56 28.55 -19.15 9.76 -19.64 29.35 curveto
-19.86 38.24 -19.34 39.37 -20.81 47.82 curveto
-22.42 57.17 -25.69 66.19 -27.69 75.51 curveto
-29.43 83.6 -29.77 91.29 -29.85 99.4 curveto stroke
newpath -29.85 99.4 moveto
-31.1 106.11 -35.26 119.28 -35.45 123.58 curveto
-35.63 127.7 -34.65 128.89 -34.67 136.16 curveto stroke
newpath -49.73 138.44 moveto
-47.95 137.37 -48.24 136.33 -46.33 130.73 curveto
-44.67 125.88 -43.42 123.88 -45.99 119.11 curveto stroke
newpath -45.99 119.11 moveto
-46.81 117.65 -49.75 117.27 -51.58 117.55 curveto
-52.52 117.69 -52.6 116.8 -53.93 118.09 curveto stroke
newpath -70.38 112.97 moveto
-63.95 110.39 -60.15 111.17 -58.69 103.87 curveto stroke
newpath -58.69 103.87 moveto
-54.67 94.87 -51.8 85.87 -49.69 76.76 curveto
-49.18 74.53 -49.01 72.22 -48.45 70 curveto
-47.25 65.17 -46.6 65.2 -44.99 60.77 curveto
-44.08 58.29 -43.32 55.76 -42.48 53.26 curveto stroke
newpath -42.48 53.26 moveto
-40.3 40.73 -39.63 28.01 -39.47 15.45 curveto
-39.36 6.82 -40.35 4.71 -39.22 -4.1 curveto
-38.86 -6.87 -38.02 -9.57 -37.33 -12.29 curveto
-36.65 -15.01 -36.21 -17.84 -35.12 -20.45 curveto
-34.28 -22.45 -32.78 -24.11 -31.62 -25.95 curveto stroke
newpath -31.62 -25.95 moveto
-28.75 -31.96 -24.07 -36.73 -20.93 -42.5 curveto
-19.93 -44.34 -19.2 -46.31 -18.31 -48.19 curveto
-15.7 -53.68 -12.82 -59.2 -9.35 -64.22 curveto
-2.69 -73.86 -8.87 -64.25 -1.46 -72.99 curveto
-0.19 -74.49 0.75 -76.23 1.88 -77.8 curveto
5.52 -82.85 5.14 -83.21 9.15 -87.63 curveto stroke
newpath 9.15 -87.63 moveto
11.72 -93.45 11.15 -100.08 13.31 -105.96 curveto
15.45 -111.8 18.24 -117.97 19.13 -122.75 curveto
20.19 -128.39 19.62 -137.09 20.29 -140.17 curveto
21.43 -145.37 23.28 -151.72 24.09 -156.98 curveto
24.36 -158.71 25.13 -174.41 25.2 -174.54 curveto
26.1 -176.35 28.86 -176.27 30.69 -177.14 curveto stroke
newpath 30.69 -177.14 moveto
37.53 -182.52 52.03 -186.57 55.46 -175.17 curveto
56.06 -173.19 56.25 -170.19 55.63 -168.17 curveto
55.31 -167.11 54.53 -166.24 54.03 -165.25 curveto
51.35 -159.88 48.76 -155.67 44.71 -151.19 curveto
41.92 -148.11 37.77 -145.15 36.24 -141.12 curveto
35.56 -139.33 35.34 -137.39 34.88 -135.53 curveto stroke
newpath 34.88 -135.53 moveto
33.6 -122.15 30.64 -108.93 30.17 -95.41 curveto
30.01 -90.55 30.87 -85.64 30.17 -80.83 curveto
29.99 -79.52 26.85 -69.94 26.3 -68.24 curveto stroke
newpath 26.3 -68.24 moveto
25.76 -66.43 25.5 -64.76 24.84 -62.48 curveto
23.18 -56.8 29.77 -54.62 32.97 -51.5 curveto
37.1 -47.49 39.77 -47.69 40.41 -41.61 curveto
40.54 -40.3 36.43 -34.7 35.94 -33.47 curveto stroke
newpath 35.94 -33.47 moveto
32.9 -29.23 31.78 -26.42 30.68 -22.92 curveto
28.08 -14.67 29.88 -9.78 39.3 -6.54 curveto
41.84 -5.67 44.8 -6.35 47.27 -5.29 curveto
49.78 -4.22 58.56 -0.3 61.01 1.76 curveto stroke
newpath 61.01 1.76 moveto
66.93 11.51 41.24 14.21 38.69 17.2 curveto
36.15 20.19 35.74 17.42 35.74 33.77 curveto
35.74 35.82 36.93 42.82 37.22 44.59 curveto
37.79 48.02 38.71 53.86 39.64 57.4 curveto
40.11 59.16 40.95 60.81 41.31 62.59 curveto
42.95 70.71 40.78 79.36 37.58 86.61 curveto stroke
newpath 37.58 86.61 moveto
36.42 88.07 35.66 89.94 34.11 91 curveto
26.59 96.17 21.07 92.38 16.38 85.83 curveto
15.12 84.06 13.94 82.17 13.27 80.11 curveto
12.56 77.92 12.44 75.57 12.34 73.27 curveto
11.9 63.58 14.83 62.99 18.32 55.09 curveto
20.86 49.36 22.33 42.74 22.86 36.55 curveto
23.89 24.55 23.28 12.58 23.02 0.66 curveto
22.94 -2.73 23.33 -9.1 22.86 -12.68 curveto
21.62 -22.18 17.24 -30.77 15.9 -40.1 curveto stroke
showpage
%%EOF
