%!PS
%%BoundingBox: -56 -103 55 103 
%%HiResBoundingBox: -55.01581 -102.40637 54.24 102.51009 
%%Creator: MetaPost 2.11
%%CreationDate: 2025.10.14:2236
%%Pages: 1
%%BeginProlog
%%EndProlog
%%Page: 1 1
 0 0 0 1 setcmykcolor 0 1.2 dtransform truncate idtransform setlinewidth pop
 [] 0 setdash 1 setlinecap 1 setlinejoin 10 setmiterlimit
newpath -16.78 -8.54 moveto
-16.54 1.9 -16.3 3.13 -13.89 2.84 curveto
-9.29 2.27 -4.71 1.68 -0.39 0.18 curveto
2.73 -0.9 5.26 -3.15 8.18 -4.66 curveto
11.1 -6.17 14.33 -7.15 17.11 -8.89 curveto
25.83 -14.35 33.65 -24.55 44.37 -27.46 curveto
45.93 -27.89 46.88 -27.36 47.94 -27.86 curveto stroke
 0.6 0.4 0 0.1 setcmykcolor 0 0.84 dtransform truncate idtransform setlinewidth pop
newpath -19.17 2.37 moveto
-17.51 8.6 -17.59 9.36 -15.23 8.85 curveto
-10.47 7.82 -5.78 6.28 -1.36 4.24 curveto
1.82 2.78 4.39 0.26 7.38 -1.56 curveto
10.36 -3.38 13.67 -4.65 16.52 -6.66 curveto
25.47 -12.98 33.52 -24 44.41 -27.38 curveto
45.97 -27.87 46.94 -27.32 48 -27.82 curveto stroke
 0 0.9 0.9 0.2 setcmykcolor
newpath -19.16 2.39 moveto
-17.52 8.63 -17.61 9.39 -15.26 8.89 curveto
-10.51 7.86 -5.83 6.33 -1.41 4.29 curveto
1.77 2.83 4.35 0.31 7.34 -1.51 curveto
10.32 -3.33 13.63 -4.6 16.48 -6.61 curveto
25.44 -12.94 33.49 -23.96 44.38 -27.34 curveto
45.94 -27.83 46.91 -27.27 47.97 -27.77 curveto stroke
 0 0 0 1 setcmykcolor 0 1.2 dtransform truncate idtransform setlinewidth pop
newpath 53.64 -13.78 moveto
46.22 -4.02 42.88 -2.62 41.4 9.13 curveto
41.07 11.77 43.42 14.81 42.21 17.18 curveto
40.63 20.28 36.7 21.46 33.99 23.68 curveto
29.83 27.07 25.35 30.18 21.57 34.1 curveto
16.52 39.33 12.63 48.5 6.52 52.91 curveto
2.29 55.97 -3.63 55.89 -8.05 58.67 curveto
-11.58 60.9 -14.44 64.18 -18.2 66 curveto
-21.18 67.44 -24.55 68.38 -27.86 68.24 curveto
-30.38 68.14 -32.92 63.7 -34.86 65.32 curveto
-39.19 68.93 -35.9 73.22 -38.04 78.44 curveto
-38.84 80.38 -44.61 84.47 -45.08 86.51 curveto
-46.03 90.67 -49.01 95.17 -51.89 99.27 curveto
-52.98 100.83 -54.2 100.37 -54.09 98.47 curveto
-53.9 94.87 -51.87 90.25 -50.47 86.94 curveto
-47.21 79.2 -47.21 75.43 -48.16 66.64 curveto
-48.44 64.06 -49.27 59.56 -49.33 56.97 curveto
-49.58 46.62 -42.64 49.35 -38.46 42.86 curveto
-37.13 40.79 -37.68 38.01 -37.02 35.66 curveto
-35.91 31.77 -31.86 23.87 -33.24 19.04 curveto
-38.04 2.25 -45.61 39.47 -46.84 41.08 curveto
-47.72 42.21 -50.48 42.53 -51.16 41.26 curveto
-55.23 33.72 -47.81 33.19 -46.07 27.89 curveto
-45.01 24.65 -46.15 21.04 -45.55 17.73 curveto
-45.31 16.41 -44.02 15.53 -43.62 14.28 curveto
-42.9 12.04 -43.14 9.4 -42.18 7.15 curveto
-40.83 3.97 -37.47 1.9 -36.98 -1.03 curveto
-36.44 -4.25 -38.44 -7.84 -38.87 -11.45 curveto
-39.76 -19.07 -37.28 -16.1 -35.63 -23.18 curveto
-29.87 -47.87 -32.3 -36.17 -28.74 -44.13 curveto
-27.83 -46.17 -25.52 -50.93 -27.52 -49.57 curveto
-33.65 -45.37 -36.18 -37.24 -42.4 -32.28 curveto
-43.61 -31.32 -45.45 -34.57 -45.12 -36.06 curveto
-44.52 -38.82 -41.78 -40.62 -40.1 -42.85 curveto
-37.5 -46.3 -34.18 -49.18 -32.34 -52.97 curveto
-29.62 -58.59 -31.59 -66.32 -28.75 -72.27 curveto
-27.05 -75.83 -23.61 -78.23 -21.51 -81.53 curveto
-19.39 -84.87 -16.55 -89.97 -14.41 -93.25 curveto
-11.45 -97.78 -14.15 -98.04 -9.5 -100.76 curveto
-7.01 -102.23 -4.38 -102.41 -3.69 -99.6 curveto
-2.86 -96.26 -4.66 -96.29 -6.66 -93.47 curveto
-10.64 -87.87 -8.71 -89.22 -9.32 -79.5 curveto
-9.46 -77.2 -8.98 -73.8 -8.98 -71.5 curveto
-8.98 -65.12 -10.54 -69.05 -14.97 -57.5 curveto
-16.59 -53.28 -18.96 -44.46 -19.65 -40.42 curveto
-19.96 -38.54 -21.46 -34.87 -18.62 -28.96 curveto stroke
 0.6 0.4 0 0.1 setcmykcolor 0 0.84 dtransform truncate idtransform setlinewidth pop
newpath 53.71 -13.76 moveto
46.17 -3.62 42.77 -2.04 41.13 10.25 curveto
40.77 12.99 43.12 16.04 41.88 18.52 curveto
40.27 21.74 36.31 23.07 33.55 25.4 curveto
29.37 28.93 24.87 32.14 21.07 36.09 curveto
16.03 41.33 12.13 50.46 6.03 54.86 curveto
1.8 57.9 -4.12 57.8 -8.53 60.58 curveto
-12.06 62.8 -14.93 66.08 -18.68 67.9 curveto
-21.66 69.33 -25.04 70.27 -28.34 70.13 curveto
-30.87 70.03 -33.4 65.58 -35.34 67.19 curveto
-39.68 70.81 -36.38 75.11 -38.53 80.33 curveto
-39.33 82.27 -45.1 86.35 -45.57 88.4 curveto
-46.52 92.55 -49.51 97.05 -52.39 101.15 curveto
-53.48 102.71 -54.69 102.25 -54.59 100.35 curveto
-54.39 96.75 -52.37 92.14 -50.96 88.82 curveto
-47.7 81.08 -47.7 77.31 -48.64 68.5 curveto
-48.92 65.92 -49.75 61.41 -49.81 58.81 curveto
-50.03 48.4 -43.09 51.16 -38.9 44.61 curveto
-37.56 42.52 -38.1 39.71 -37.43 37.32 curveto
-36.31 33.37 -32.15 25.28 -33.52 20.18 curveto
-38.14 2.86 -46.04 41.19 -47.29 42.82 curveto
-48.16 43.96 -50.93 44.29 -51.61 43.01 curveto
-55.67 35.41 -48.22 34.84 -46.45 29.42 curveto
-45.37 26.09 -46.48 22.38 -45.85 18.93 curveto
-45.6 17.55 -44.28 16.57 -43.85 15.23 curveto
-43.11 12.87 -43.35 10.22 -42.38 7.94 curveto
-41.02 4.76 -37.59 2.47 -37 -0.94 curveto
-36.46 -4.08 -38.7 -7.08 -39.22 -10.22 curveto
-40.38 -17.32 -37.91 -14.44 -36.28 -21.37 curveto
-30.18 -47.33 -32.87 -34.69 -29.14 -43.11 curveto
-28.1 -45.43 -25.6 -50.83 -27.62 -49.29 curveto
-34.04 -44.42 -36.75 -35.74 -42.99 -30.61 curveto
-44.2 -29.62 -46.02 -32.93 -45.68 -34.45 curveto
-45.06 -37.29 -42.29 -39.17 -40.59 -41.52 curveto
-37.88 -45.24 -34.44 -48.52 -32.45 -52.67 curveto
-29.69 -58.44 -31.77 -65.78 -29 -71.55 curveto
-27.34 -74.99 -23.92 -77.3 -21.85 -80.52 curveto
-19.75 -83.77 -16.93 -88.78 -14.8 -92.01 curveto
-11.86 -96.49 -14.56 -96.76 -9.92 -99.45 curveto
-7.42 -100.89 -4.79 -101.08 -4.1 -98.27 curveto
-3.28 -94.94 -5.07 -94.98 -7.07 -92.19 curveto
-11.03 -86.66 -9.1 -87.99 -9.69 -78.38 curveto
-9.82 -76.11 -9.33 -72.75 -9.33 -70.47 curveto
-9.31 -64.15 -10.87 -68.1 -15.19 -56.88 curveto
-16.8 -52.7 -19.46 -43.23 -20.3 -38.83 curveto
-20.68 -36.87 -21.93 -33.38 -20.56 -24.87 curveto stroke
 0 0.9 0.9 0.2 setcmykcolor
newpath 53.65 -13.7 moveto
46.1 -3.57 42.7 -1.99 41.04 10.3 curveto
40.67 13.04 43.02 16.09 41.77 18.56 curveto
40.16 21.78 36.19 23.11 33.43 25.43 curveto
29.24 28.95 24.74 32.14 20.94 36.09 curveto
15.9 41.31 12.02 50.41 5.93 54.79 curveto
1.71 57.83 -4.2 57.72 -8.6 60.49 curveto
-12.12 62.71 -14.97 65.99 -18.72 67.8 curveto
-21.69 69.24 -25.06 70.18 -28.35 70.04 curveto
-30.87 69.94 -33.4 65.49 -35.33 67.11 curveto
-39.66 70.73 -36.37 75.02 -38.52 80.23 curveto
-39.32 82.17 -45.08 86.26 -45.55 88.3 curveto
-46.5 92.45 -49.48 96.95 -52.36 101.05 curveto
-53.45 102.6 -54.66 102.14 -54.56 100.25 curveto
-54.36 96.65 -52.33 92.04 -50.93 88.73 curveto
-47.67 81 -47.67 77.22 -48.61 68.43 curveto
-48.89 65.85 -49.71 61.35 -49.77 58.75 curveto
-49.99 48.36 -43.06 51.1 -38.88 44.56 curveto
-37.54 42.48 -38.08 39.67 -37.4 37.29 curveto
-36.28 33.34 -32.14 25.26 -33.49 20.17 curveto
-38.11 2.86 -46.01 41.15 -47.25 42.78 curveto
-48.12 43.92 -50.89 44.24 -51.57 42.97 curveto
-55.62 35.38 -48.18 34.81 -46.41 29.4 curveto
-45.32 26.08 -46.44 22.36 -45.81 18.92 curveto
-45.55 17.54 -44.23 16.56 -43.81 15.23 curveto
-43.06 12.87 -43.3 10.23 -42.34 7.95 curveto
-40.99 4.76 -37.56 2.47 -36.97 -0.94 curveto
-36.43 -4.08 -38.68 -7.08 -39.2 -10.22 curveto
-40.37 -17.3 -37.89 -14.43 -36.27 -21.34 curveto
-30.2 -47.35 -32.9 -34.68 -29.15 -43.11 curveto
-28.12 -45.44 -25.6 -50.85 -27.63 -49.31 curveto
-34.06 -44.43 -36.77 -35.72 -43 -30.59 curveto
-44.21 -29.6 -46.03 -32.91 -45.7 -34.43 curveto
-45.08 -37.27 -42.32 -39.16 -40.61 -41.51 curveto
-37.91 -45.25 -34.46 -48.54 -32.47 -52.7 curveto
-29.7 -58.48 -31.78 -65.83 -29 -71.6 curveto
-27.33 -75.05 -23.91 -77.36 -21.83 -80.58 curveto
-19.74 -83.83 -16.92 -88.84 -14.79 -92.07 curveto
-11.83 -96.55 -14.54 -96.82 -9.89 -99.5 curveto
-7.4 -100.95 -4.77 -101.12 -4.07 -98.32 curveto
-3.25 -94.99 -5.04 -95.03 -7.04 -92.24 curveto
-11 -86.72 -9.08 -88.04 -9.66 -78.42 curveto
-9.8 -76.15 -9.31 -72.79 -9.3 -70.51 curveto
-9.29 -64.18 -10.84 -68.14 -15.18 -56.91 curveto
-16.79 -52.72 -19.46 -43.23 -20.3 -38.83 curveto
-20.68 -36.87 -21.93 -33.36 -20.57 -24.85 curveto stroke
 0 0 0 1 setcmykcolor 0 3.98505 dtransform truncate idtransform setlinewidth pop
newpath -23.95 -26.83 moveto 0 0 rlineto stroke
newpath -24.28 -24.12 moveto 0 0 rlineto stroke
 0.84 0 dtransform exch truncate exch idtransform pop setlinewidth
newpath -23.95 -26.83 moveto
-24.28 -24.12 lineto stroke
 1 0.85 0 setrgbcolor 0 3.98505 dtransform truncate idtransform setlinewidth pop
newpath -23.96 -26.81 moveto 0 0 rlineto stroke
newpath -25.14 -22.21 moveto 0 0 rlineto stroke
 0 0.84 dtransform truncate idtransform setlinewidth pop
newpath -23.95 -26.83 moveto
-23.96 -26.81 lineto
-25.14 -22.21 lineto
-24.28 -24.12 lineto stroke
showpage
%%EOF
