%!PS
%%BoundingBox: -439 -607 456 605 
%%HiResBoundingBox: -438.7313 -606.88 455.79001 605 
%%Creator: MetaPost 2.11
%%CreationDate: 2025.10.14:2236
%%Pages: 1
%%BeginProlog
%%EndProlog
%%Page: 1 1
 0 0 0 1 setcmykcolor 0 1.2 dtransform truncate idtransform setlinewidth pop
 [] 0 setdash 1 setlinecap 1 setlinejoin 10 setmiterlimit
newpath 295.2 604.4 moveto
293.27 601.98 288.74 598.07 286.52 593.68 curveto
284.31 589.29 282.41 580.74 281.86 573.92 curveto
281.32 567.1 272.69 564.14 266.44 561.95 curveto
260.2 559.76 253.75 557.22 256.52 548.24 curveto
259.29 539.25 263.73 538.12 261.16 533.75 curveto
258.58 529.38 257.94 520.76 247.89 524.9 curveto
237.84 529.04 227.5 538.06 221.9 537.82 curveto
216.3 537.58 209.93 529.63 206.95 524.56 curveto
203.98 519.49 190.18 517.52 184.58 517.46 curveto
178.99 517.39 168.14 516.71 159.66 513.19 curveto
151.18 509.68 136.48 507.76 133.51 499.44 curveto
130.55 491.13 120.72 475.79 120.25 466.99 curveto
119.78 458.18 113.76 439.93 138.6 425.81 curveto
163.45 411.69 158.35 407.28 165.82 398.77 curveto
173.3 390.26 180.7 380.31 196.65 378.56 curveto
212.6 376.81 215.04 364.96 216.45 357.68 curveto
217.87 350.39 224.46 328.59 234.94 315.59 curveto
245.42 302.6 273.71 275.31 265.52 270.34 curveto
257.32 265.37 223.53 246.8 214.47 246.02 curveto stroke
 0.6 0.4 0 0.1 setcmykcolor 0 0.84 dtransform truncate idtransform setlinewidth pop
newpath 295.21 604.4 moveto
293.28 601.97 288.74 598.07 286.52 593.68 curveto
284.31 589.29 282.41 580.74 281.86 573.92 curveto
281.32 567.1 272.69 564.14 266.44 561.95 curveto
260.2 559.76 253.75 557.22 256.52 548.24 curveto
259.29 539.26 263.73 538.12 261.16 533.75 curveto
258.58 529.38 257.94 520.76 247.89 524.9 curveto
237.84 529.04 227.5 538.06 221.9 537.82 curveto
216.3 537.58 209.93 529.63 206.95 524.56 curveto
203.98 519.49 190.18 517.52 184.58 517.46 curveto
178.99 517.39 168.14 516.71 159.66 513.19 curveto
151.18 509.68 136.48 507.76 133.51 499.44 curveto
130.55 491.13 120.72 475.79 120.25 466.99 curveto
119.78 458.18 113.76 439.93 138.6 425.81 curveto
163.45 411.69 158.35 407.28 165.82 398.77 curveto
173.3 390.26 180.7 380.31 196.65 378.56 curveto
212.6 376.81 215.04 364.96 216.45 357.68 curveto
217.87 350.39 224.46 328.59 234.94 315.59 curveto
245.42 302.6 273.71 275.31 265.52 270.34 curveto
257.32 265.37 223.53 246.8 214.47 246.02 curveto stroke
 0 0.9 0.9 0.2 setcmykcolor
newpath 295.2 604.4 moveto
293.27 601.98 288.74 598.07 286.52 593.68 curveto
284.3 589.3 282.41 580.74 281.86 573.92 curveto
281.32 567.1 272.69 564.14 266.44 561.95 curveto
260.2 559.76 253.76 557.21 256.52 548.23 curveto
259.29 539.25 263.73 538.12 261.16 533.75 curveto
258.58 529.38 257.94 520.76 247.89 524.9 curveto
237.83 529.04 227.5 538.06 221.9 537.82 curveto
216.3 537.58 209.93 529.63 206.95 524.56 curveto
203.98 519.49 190.17 517.52 184.58 517.46 curveto
178.99 517.39 168.14 516.71 159.66 513.19 curveto
151.18 509.68 136.48 507.76 133.51 499.45 curveto
130.55 491.13 120.72 475.79 120.25 466.98 curveto
119.78 458.18 113.76 439.93 138.61 425.81 curveto
163.45 411.69 158.35 407.27 165.83 398.76 curveto
173.31 390.26 180.71 380.31 196.66 378.56 curveto
212.61 376.81 215.04 364.96 216.45 357.67 curveto
217.87 350.39 224.46 328.59 234.94 315.59 curveto
245.43 302.6 273.72 275.31 265.52 270.34 curveto
257.32 265.37 223.53 246.8 214.48 246.02 curveto stroke
 0 0 0 1 setcmykcolor 0 1.2 dtransform truncate idtransform setlinewidth pop
newpath 218.31 233.56 moveto
229.69 237.28 275.79 249.97 283.73 246.84 curveto
291.68 243.71 292.06 227.11 295.99 216.27 curveto
299.91 205.42 315.88 190.33 326.21 194.83 curveto
336.55 199.33 339.62 226.56 346.83 223.29 curveto
354.05 220.02 366.41 204.95 373.5 192.49 curveto
380.58 180.04 387.1 160.23 385.06 152.4 curveto
383.02 144.58 370.94 100.52 371.52 91.12 curveto
372.1 81.71 387.97 51.31 389.78 41.3 curveto
391.59 31.28 397.05 -1.63 390.4 -4.7 curveto
383.74 -7.77 366.59 -11.55 359.08 -13.85 curveto
351.57 -16.16 324.82 -30.96 331.32 -44.28 curveto
337.82 -57.61 343.66 -59.72 347.64 -49.3 curveto
349.44 -44.58 350.93 -48.39 354.83 -56.53 curveto
358.72 -64.67 370.76 -82.25 369.54 -88.32 curveto
368.31 -94.38 362.17 -108.11 370.61 -115.59 curveto
379.04 -123.07 386.76 -123.66 395.18 -128.08 curveto
403.6 -132.49 415.21 -141.22 413.6 -147.8 curveto
411.99 -154.39 413.11 -156.97 405.04 -163.03 curveto
396.97 -169.09 379.41 -173.74 370.98 -183.21 curveto
362.54 -192.67 357.87 -205.94 355.32 -219.87 curveto
352.78 -233.79 349.89 -250.76 351.3 -261.65 curveto
352.7 -272.54 355.03 -289.79 361.9 -299.53 curveto
368.77 -309.27 379.89 -323.92 380.65 -336.76 curveto
381.41 -349.6 386.07 -353.45 389.57 -358.86 curveto
393.06 -364.28 396.87 -377.46 387.58 -379.31 curveto
378.28 -381.15 360.57 -378.77 356.26 -381.78 curveto
351.95 -384.8 301.51 -407.89 289.85 -406.91 curveto
278.18 -405.93 260.91 -398.52 243.4 -402.46 curveto
225.89 -406.39 190.72 -403.25 178.25 -403.85 curveto
165.78 -404.45 143.76 -408.51 130.64 -400.96 curveto
117.52 -393.41 81.01 -381.73 52.44 -373.36 curveto
23.86 -364.99 -27.32 -354.51 -38.52 -355 curveto
-49.72 -355.48 -67.61 -359.76 -85.99 -346.16 curveto
-94.54 -339.84 -92.78 -331.38 -93.63 -327.01 curveto
-94.47 -322.64 -93.17 -308.29 -113.79 -299.62 curveto
-134.42 -290.95 -142.92 -281.3 -158.06 -281.22 curveto
-173.2 -281.13 -189.68 -275.93 -207.64 -284.71 curveto
-225.59 -293.48 -230.46 -303.68 -239.52 -308.06 curveto
-248.59 -312.45 -277.56 -321.54 -291.8 -321.69 curveto
-306.05 -321.83 -322.01 -316.83 -336.98 -323.79 curveto
-351.95 -330.74 -368.75 -338.32 -371.31 -345.75 curveto
-373.87 -353.18 -376.5 -358.45 -389.56 -360.1 curveto
-402.63 -361.75 -405.91 -359.05 -412.71 -351.3 curveto stroke
 0.6 0.4 0 0.1 setcmykcolor 0 0.84 dtransform truncate idtransform setlinewidth pop
newpath 218.31 233.56 moveto
229.69 237.28 275.79 249.97 283.73 246.84 curveto
291.68 243.71 292.06 227.11 295.99 216.27 curveto
299.92 205.42 315.88 190.33 326.21 194.83 curveto
336.55 199.33 339.62 226.56 346.83 223.29 curveto
354.05 220.02 366.41 204.95 373.5 192.49 curveto
380.58 180.04 387.1 160.23 385.06 152.4 curveto
383.02 144.58 370.94 100.52 371.52 91.12 curveto
372.1 81.71 387.97 51.31 389.78 41.3 curveto
391.59 31.28 397.05 -1.63 390.4 -4.7 curveto
383.74 -7.77 366.59 -11.55 359.08 -13.85 curveto
351.57 -16.16 324.82 -30.96 331.32 -44.28 curveto
337.82 -57.61 343.66 -59.72 347.64 -49.3 curveto
349.44 -44.58 350.93 -48.39 354.83 -56.53 curveto
358.72 -64.67 370.76 -82.25 369.54 -88.32 curveto
368.31 -94.38 362.17 -108.11 370.61 -115.59 curveto
379.04 -123.07 386.76 -123.66 395.18 -128.08 curveto
403.6 -132.49 415.21 -141.22 413.6 -147.8 curveto
411.99 -154.39 413.11 -156.97 405.04 -163.03 curveto
396.97 -169.09 379.41 -173.74 370.98 -183.21 curveto
362.54 -192.67 357.87 -205.94 355.32 -219.87 curveto
352.78 -233.79 349.89 -250.76 351.3 -261.65 curveto
352.7 -272.54 355.03 -289.79 361.9 -299.53 curveto
368.77 -309.27 379.89 -323.92 380.65 -336.76 curveto
381.41 -349.6 386.07 -353.45 389.57 -358.86 curveto
393.06 -364.28 396.87 -377.46 387.58 -379.31 curveto
378.28 -381.15 360.57 -378.77 356.26 -381.78 curveto
351.95 -384.8 301.51 -407.89 289.85 -406.91 curveto
278.18 -405.93 260.91 -398.52 243.4 -402.46 curveto
225.89 -406.39 190.72 -403.25 178.25 -403.85 curveto
165.78 -404.45 143.76 -408.51 130.64 -400.96 curveto
117.52 -393.41 81.01 -381.73 52.44 -373.36 curveto
23.86 -364.99 -27.32 -354.51 -38.52 -355 curveto
-49.72 -355.48 -67.61 -359.76 -85.99 -346.16 curveto
-94.54 -339.84 -92.78 -331.38 -93.63 -327.01 curveto
-94.47 -322.64 -93.17 -308.29 -113.79 -299.62 curveto
-134.42 -290.95 -142.92 -281.3 -158.06 -281.22 curveto
-173.2 -281.13 -189.68 -275.93 -207.64 -284.71 curveto
-225.59 -293.48 -230.46 -303.68 -239.52 -308.06 curveto
-248.59 -312.45 -277.56 -321.54 -291.8 -321.69 curveto
-306.05 -321.83 -322.01 -316.83 -336.98 -323.79 curveto
-351.95 -330.74 -368.75 -338.32 -371.31 -345.75 curveto
-373.87 -353.18 -376.5 -358.45 -389.56 -360.1 curveto
-402.63 -361.75 -405.91 -359.05 -412.71 -351.3 curveto stroke
 0 0.9 0.9 0.2 setcmykcolor
newpath 218.32 233.56 moveto
229.69 237.28 275.79 249.97 283.74 246.84 curveto
291.68 243.71 292.06 227.11 295.99 216.27 curveto
299.92 205.42 315.88 190.33 326.21 194.83 curveto
336.55 199.33 339.62 226.56 346.83 223.29 curveto
354.05 220.02 366.41 204.95 373.49 192.49 curveto
380.58 180.04 387.1 160.22 385.06 152.4 curveto
383.02 144.58 370.94 100.52 371.52 91.11 curveto
372.1 81.71 387.97 51.3 389.78 41.29 curveto
391.59 31.28 397.05 -1.63 390.39 -4.71 curveto
383.74 -7.78 366.6 -11.55 359.08 -13.85 curveto
351.57 -16.16 324.83 -30.96 331.33 -44.28 curveto
337.83 -57.61 343.66 -59.72 347.64 -49.3 curveto
349.44 -44.58 350.94 -48.39 354.83 -56.53 curveto
358.72 -64.67 370.76 -82.25 369.54 -88.31 curveto
368.32 -94.38 362.18 -108.11 370.61 -115.59 curveto
379.05 -123.07 386.76 -123.66 395.18 -128.07 curveto
403.6 -132.49 415.21 -141.22 413.6 -147.8 curveto
411.99 -154.38 413.11 -156.97 405.04 -163.03 curveto
396.96 -169.09 379.41 -173.74 370.98 -183.21 curveto
362.54 -192.67 357.87 -205.94 355.33 -219.87 curveto
352.78 -233.79 349.9 -250.76 351.3 -261.65 curveto
352.7 -272.54 355.03 -289.79 361.9 -299.53 curveto
368.77 -309.27 379.89 -323.92 380.65 -336.76 curveto
381.41 -349.6 386.07 -353.45 389.56 -358.86 curveto
393.06 -364.28 396.87 -377.46 387.57 -379.31 curveto
378.28 -381.15 360.57 -378.77 356.26 -381.78 curveto
351.95 -384.8 301.51 -407.89 289.85 -406.91 curveto
278.18 -405.93 260.91 -398.52 243.4 -402.45 curveto
225.89 -406.39 190.72 -403.25 178.25 -403.85 curveto
165.78 -404.45 143.76 -408.5 130.64 -400.96 curveto
117.52 -393.41 81.01 -381.73 52.44 -373.36 curveto
23.86 -364.99 -27.31 -354.51 -38.52 -355 curveto
-49.72 -355.48 -67.61 -359.76 -85.99 -346.16 curveto
-94.54 -339.84 -92.78 -331.38 -93.63 -327.01 curveto
-94.47 -322.64 -93.17 -308.29 -113.8 -299.62 curveto
-134.43 -290.95 -142.93 -281.3 -158.06 -281.22 curveto
-173.2 -281.13 -189.69 -275.93 -207.64 -284.71 curveto
-225.59 -293.49 -230.46 -303.68 -239.52 -308.06 curveto
-248.59 -312.45 -277.56 -321.54 -291.8 -321.68 curveto
-306.05 -321.83 -322.01 -316.83 -336.98 -323.79 curveto
-351.95 -330.74 -368.76 -338.32 -371.31 -345.75 curveto
-373.87 -353.19 -376.5 -358.45 -389.56 -360.1 curveto
-402.63 -361.75 -405.91 -359.05 -412.71 -351.3 curveto stroke
 0 0 0 1 setcmykcolor 0 1.2 dtransform truncate idtransform setlinewidth pop
newpath -422.01 -360 moveto
-416.48 -367.86 -409.23 -370.59 -411.02 -383.83 curveto
-412.8 -397.08 -412.1 -414.24 -417.61 -419.54 curveto
-423.12 -424.83 -409.43 -431.87 -409.16 -436.93 curveto
-408.89 -441.99 -432.47 -451.55 -435.35 -458.25 curveto
-438.23 -464.94 -443.45 -474.94 -422.84 -470.45 curveto
-402.23 -465.96 -361.79 -451.17 -356.32 -460.29 curveto
-350.86 -469.42 -350.37 -480.44 -340.67 -484.56 curveto
-330.98 -488.68 -323.3 -493.41 -322.25 -500.86 curveto
-321.2 -508.3 -342.52 -536.19 -353.43 -544.8 curveto
-364.35 -553.42 -379.77 -568.82 -390.69 -574.19 curveto
-401.61 -579.55 -407.88 -585.53 -412.55 -588.7 curveto stroke
 0.6 0.4 0 0.1 setcmykcolor 0 0.84 dtransform truncate idtransform setlinewidth pop
newpath -422.01 -360 moveto
-416.48 -367.86 -409.23 -370.59 -411.02 -383.83 curveto
-412.8 -397.08 -412.1 -414.24 -417.61 -419.54 curveto
-423.12 -424.83 -409.43 -431.87 -409.16 -436.93 curveto
-408.89 -441.99 -432.47 -451.55 -435.35 -458.25 curveto
-438.23 -464.94 -443.45 -474.94 -422.84 -470.45 curveto
-402.23 -465.96 -361.79 -451.17 -356.32 -460.29 curveto
-350.86 -469.42 -350.37 -480.44 -340.67 -484.56 curveto
-330.98 -488.68 -323.3 -493.41 -322.25 -500.86 curveto
-321.2 -508.3 -342.52 -536.19 -353.43 -544.8 curveto
-364.35 -553.42 -379.77 -568.82 -390.69 -574.19 curveto
-401.61 -579.55 -407.88 -585.53 -412.55 -588.7 curveto stroke
 0 0.9 0.9 0.2 setcmykcolor
newpath -422 -360 moveto
-416.47 -367.86 -409.23 -370.59 -411.02 -383.83 curveto
-412.8 -397.08 -412.09 -414.24 -417.6 -419.54 curveto
-423.11 -424.83 -409.43 -431.87 -409.16 -436.93 curveto
-408.88 -441.99 -432.47 -451.55 -435.35 -458.25 curveto
-438.23 -464.94 -443.45 -474.94 -422.84 -470.45 curveto
-402.23 -465.96 -361.79 -451.17 -356.32 -460.29 curveto
-350.86 -469.41 -350.37 -480.44 -340.67 -484.56 curveto
-330.98 -488.68 -323.3 -493.41 -322.25 -500.86 curveto
-321.21 -508.31 -342.52 -536.19 -353.43 -544.8 curveto
-364.35 -553.42 -379.77 -568.82 -390.69 -574.18 curveto
-401.61 -579.55 -407.87 -585.53 -412.55 -588.7 curveto stroke
 0 0 0 1 setcmykcolor 0 1.2 dtransform truncate idtransform setlinewidth pop
newpath -363.37 -606.28 moveto
-357.67 -600.64 -327.76 -580.6 -315.95 -575.46 curveto
-304.14 -570.32 -261.43 -547 -256.05 -540.61 curveto
-250.66 -534.23 -225.69 -527.93 -225.77 -516.99 curveto
-225.9 -499.14 -229.55 -462.71 -247.36 -451.85 curveto
-265.17 -440.99 -294.25 -435.29 -293.9 -425.4 curveto
-293.55 -415.5 -285.04 -408.03 -286.71 -402.17 curveto
-288.38 -396.31 -287.45 -375.45 -276.04 -367.59 curveto
-264.63 -359.72 -246.21 -348.99 -238.74 -354.26 curveto
-231.27 -359.52 -225.75 -367.57 -223.16 -369.69 curveto stroke
 0.6 0.4 0 0.1 setcmykcolor 0 0.84 dtransform truncate idtransform setlinewidth pop
newpath -363.37 -606.28 moveto
-357.67 -600.64 -327.76 -580.6 -315.95 -575.46 curveto
-304.14 -570.32 -261.43 -547 -256.05 -540.61 curveto
-250.66 -534.23 -225.69 -527.93 -225.77 -516.99 curveto
-225.9 -499.14 -229.55 -462.71 -247.36 -451.85 curveto
-265.17 -440.99 -294.25 -435.29 -293.9 -425.4 curveto
-293.55 -415.5 -285.04 -408.03 -286.71 -402.17 curveto
-288.38 -396.31 -287.45 -375.45 -276.04 -367.59 curveto
-264.63 -359.72 -246.21 -348.99 -238.74 -354.26 curveto
-231.27 -359.52 -225.75 -367.57 -223.16 -369.69 curveto stroke
 0 0.9 0.9 0.2 setcmykcolor
newpath -363.37 -606.28 moveto
-357.67 -600.64 -327.76 -580.6 -315.95 -575.46 curveto
-304.14 -570.32 -261.44 -547 -256.05 -540.62 curveto
-250.66 -534.23 -225.69 -527.93 -225.77 -516.99 curveto
-225.9 -499.14 -229.55 -462.71 -247.36 -451.85 curveto
-265.17 -440.99 -294.25 -435.3 -293.9 -425.4 curveto
-293.55 -415.5 -285.04 -408.03 -286.71 -402.17 curveto
-288.39 -396.31 -287.46 -375.45 -276.04 -367.59 curveto
-264.63 -359.72 -246.21 -348.99 -238.74 -354.25 curveto
-231.27 -359.52 -225.75 -367.56 -223.16 -369.68 curveto stroke
 0 0 0 1 setcmykcolor 0 1.2 dtransform truncate idtransform setlinewidth pop
newpath -214.79 -361.48 moveto
-220.33 -357.22 -235.63 -350.1 -231.63 -342.56 curveto
-227.62 -335.02 -218.88 -333.32 -209.63 -332.37 curveto
-200.39 -331.42 -194.81 -328.11 -182.05 -335.64 curveto
-169.29 -343.17 -167.91 -354.42 -159.69 -359.18 curveto
-151.47 -363.95 -135.98 -370.9 -127.17 -367.94 curveto
-118.36 -364.99 -109.91 -355.34 -102.91 -355.9 curveto
-95.91 -356.45 -83.16 -360.55 -86.09 -364.9 curveto
-89.03 -369.25 -93.04 -376.97 -108 -380.32 curveto
-122.96 -383.67 -143.79 -405.81 -152.79 -409.12 curveto stroke
 0.6 0.4 0 0.1 setcmykcolor 0 0.84 dtransform truncate idtransform setlinewidth pop
newpath -214.79 -361.48 moveto
-220.33 -357.22 -235.63 -350.1 -231.63 -342.56 curveto
-227.62 -335.02 -218.88 -333.32 -209.63 -332.37 curveto
-200.39 -331.42 -194.81 -328.11 -182.05 -335.64 curveto
-169.29 -343.17 -167.91 -354.42 -159.69 -359.18 curveto
-151.47 -363.95 -135.98 -370.9 -127.17 -367.94 curveto
-118.36 -364.99 -109.91 -355.34 -102.91 -355.9 curveto
-95.91 -356.45 -83.16 -360.55 -86.09 -364.9 curveto
-89.03 -369.25 -93.04 -376.97 -108 -380.32 curveto
-122.96 -383.67 -143.79 -405.81 -152.79 -409.12 curveto stroke
 0 0.9 0.9 0.2 setcmykcolor
newpath -214.79 -361.48 moveto
-220.33 -357.21 -235.63 -350.09 -231.63 -342.55 curveto
-227.62 -335.02 -218.88 -333.32 -209.63 -332.37 curveto
-200.39 -331.42 -194.81 -328.11 -182.05 -335.64 curveto
-169.29 -343.17 -167.91 -354.42 -159.69 -359.18 curveto
-151.47 -363.95 -135.98 -370.9 -127.17 -367.94 curveto
-118.36 -364.99 -109.91 -355.34 -102.91 -355.9 curveto
-95.91 -356.45 -83.15 -360.55 -86.09 -364.9 curveto
-89.02 -369.25 -93.04 -376.97 -108 -380.32 curveto
-122.96 -383.67 -143.79 -405.81 -152.79 -409.12 curveto stroke
 0 0 0 1 setcmykcolor 0 1.2 dtransform truncate idtransform setlinewidth pop
newpath -158.21 -331.32 moveto
-158.53 -327.34 -149.01 -331.27 -143.11 -328.88 curveto
-137.22 -326.49 -126.18 -325.64 -117.19 -329.54 curveto
-108.21 -333.44 -121.38 -337.07 -127.19 -341.27 curveto
-133 -345.46 -146.89 -349.05 -155.43 -343.55 curveto
-163.97 -338.05 -158.04 -338.36 -158.21 -331.32 curveto stroke
 0.6 0.4 0 0.1 setcmykcolor 0 0.84 dtransform truncate idtransform setlinewidth pop
newpath -158.21 -331.32 moveto
-158.53 -327.34 -149.01 -331.27 -143.11 -328.88 curveto
-137.22 -326.49 -126.18 -325.64 -117.19 -329.54 curveto
-108.21 -333.44 -121.38 -337.07 -127.19 -341.27 curveto
-133 -345.46 -146.89 -349.05 -155.43 -343.55 curveto
-163.97 -338.05 -158.04 -338.36 -158.21 -331.32 curveto stroke
 0 0.9 0.9 0.2 setcmykcolor
newpath -158.21 -331.32 moveto
-158.53 -327.34 -149.01 -331.27 -143.12 -328.88 curveto
-137.22 -326.49 -126.18 -325.64 -117.19 -329.54 curveto
-108.21 -333.44 -121.38 -337.07 -127.19 -341.26 curveto
-133 -345.46 -146.89 -349.05 -155.43 -343.55 curveto
-163.97 -338.04 -158.04 -338.36 -158.21 -331.32 curveto stroke
 0 0 0 1 setcmykcolor 0 1.2 dtransform truncate idtransform setlinewidth pop
newpath -111.53 -436.37 moveto
-97.09 -425.96 -91.31 -415.45 -77.14 -413.51 curveto
-62.98 -411.56 -26.44 -402.33 -20.51 -406.07 curveto
-14.58 -409.81 19.91 -432.37 47.9 -434.95 curveto
75.88 -437.52 98.11 -432.93 110.41 -435.57 curveto
122.71 -438.21 144.7 -448.39 155.85 -445.56 curveto
166.99 -442.73 178 -438.99 180.85 -446.53 curveto
183.69 -454.07 191.23 -478.26 191.59 -488.56 curveto stroke
 0.6 0.4 0 0.1 setcmykcolor 0 0.84 dtransform truncate idtransform setlinewidth pop
newpath -111.53 -436.37 moveto
-97.09 -425.96 -91.31 -415.45 -77.14 -413.51 curveto
-62.98 -411.56 -26.44 -402.33 -20.51 -406.07 curveto
-14.58 -409.81 19.91 -432.37 47.9 -434.95 curveto
75.88 -437.52 98.11 -432.93 110.41 -435.57 curveto
122.71 -438.21 144.7 -448.39 155.85 -445.56 curveto
166.99 -442.73 178 -438.99 180.85 -446.53 curveto
183.69 -454.07 191.23 -478.26 191.59 -488.56 curveto stroke
 0 0.9 0.9 0.2 setcmykcolor
newpath -111.53 -436.37 moveto
-97.09 -425.96 -91.3 -415.46 -77.14 -413.51 curveto
-62.98 -411.56 -26.43 -402.33 -20.51 -406.07 curveto
-14.58 -409.81 19.91 -432.37 47.9 -434.94 curveto
75.88 -437.52 98.11 -432.93 110.41 -435.57 curveto
122.71 -438.21 144.7 -448.39 155.84 -445.56 curveto
166.99 -442.73 178.01 -438.99 180.85 -446.53 curveto
183.69 -454.07 191.24 -478.27 191.59 -488.56 curveto stroke
 0 0 0 1 setcmykcolor 0 1.2 dtransform truncate idtransform setlinewidth pop
newpath 244.61 -498.23 moveto
241.16 -488.5 235.57 -475.04 243.68 -468.26 curveto
251.79 -461.49 267.85 -454.41 285.67 -454.82 curveto
303.5 -455.22 323.21 -450.68 333.73 -446.02 curveto
344.25 -441.35 361.26 -433.42 374.53 -434.67 curveto
387.8 -435.92 407.21 -433.71 410.02 -421.6 curveto
412.82 -409.49 408.24 -397.35 411.09 -391.37 curveto
413.93 -385.4 430.06 -376.88 428.48 -369.41 curveto
426.9 -361.93 417.3 -345.92 409.57 -335.23 curveto
401.85 -324.55 400.74 -314.93 390.43 -305.37 curveto
380.12 -295.81 369.71 -291.65 370.73 -285.94 curveto
371.76 -280.22 378.44 -276.61 383.48 -270.03 curveto
388.51 -263.45 388.01 -239.09 389.35 -230.87 curveto
390.69 -222.65 394.88 -208.27 393.49 -203.87 curveto
392.1 -199.47 399.18 -191.74 406.54 -185.64 curveto
413.89 -179.54 421.7 -171.67 425.46 -168.8 curveto
429.22 -165.94 431.02 -166.03 432.16 -154.74 curveto
433.3 -143.44 437.62 -136.82 429.96 -131.73 curveto
422.3 -126.63 406.76 -106.88 399.29 -101.62 curveto
391.82 -96.35 375.61 -65.75 373.76 -59.7 curveto
371.92 -53.65 358.2 -54 367.76 -47.3 curveto
377.31 -40.6 386.14 -30.43 391.85 -31.64 curveto
397.55 -32.84 412.97 -30.96 415.38 -22.98 curveto
417.79 -15 410.89 -15.89 411.03 -9.95 curveto
411.16 -4.01 420.23 30.84 422.5 39.73 curveto
424.78 48.63 419.08 60.1 424.5 63.6 curveto
429.91 67.1 441.53 68.64 442.85 59.56 curveto
444.17 50.48 445.4 49.87 446.17 47.49 curveto stroke
 0.6 0.4 0 0.1 setcmykcolor 0 0.84 dtransform truncate idtransform setlinewidth pop
newpath 244.61 -498.23 moveto
241.16 -488.5 235.57 -475.04 243.68 -468.26 curveto
251.79 -461.48 267.85 -454.41 285.67 -454.82 curveto
303.5 -455.22 323.21 -450.68 333.73 -446.02 curveto
344.25 -441.35 361.26 -433.42 374.53 -434.67 curveto
387.8 -435.92 407.21 -433.71 410.02 -421.6 curveto
412.82 -409.49 408.24 -397.35 411.09 -391.37 curveto
413.93 -385.4 430.06 -376.88 428.48 -369.41 curveto
426.9 -361.93 417.3 -345.92 409.57 -335.23 curveto
401.85 -324.55 400.74 -314.93 390.43 -305.37 curveto
380.12 -295.81 369.71 -291.65 370.73 -285.94 curveto
371.76 -280.22 378.44 -276.61 383.48 -270.03 curveto
388.51 -263.45 388.01 -239.09 389.35 -230.87 curveto
390.69 -222.65 394.88 -208.27 393.49 -203.87 curveto
392.1 -199.47 399.18 -191.74 406.54 -185.64 curveto
413.89 -179.54 421.7 -171.67 425.46 -168.8 curveto
429.22 -165.94 431.02 -166.03 432.16 -154.74 curveto
433.3 -143.44 437.62 -136.82 429.96 -131.73 curveto
422.3 -126.63 406.76 -106.88 399.29 -101.62 curveto
391.82 -96.35 375.61 -65.75 373.76 -59.7 curveto
371.92 -53.65 358.2 -54 367.76 -47.3 curveto
377.31 -40.6 386.14 -30.43 391.85 -31.64 curveto
397.55 -32.84 412.97 -30.96 415.38 -22.98 curveto
417.79 -14.99 410.89 -15.89 411.03 -9.95 curveto
411.16 -4.01 420.23 30.84 422.5 39.73 curveto
424.78 48.63 419.08 60.1 424.5 63.6 curveto
429.91 67.1 441.53 68.64 442.85 59.56 curveto
444.17 50.48 445.4 49.87 446.17 47.49 curveto stroke
 0 0.9 0.9 0.2 setcmykcolor
newpath 244.61 -498.23 moveto
241.16 -488.5 235.57 -475.04 243.68 -468.26 curveto
251.79 -461.48 267.85 -454.41 285.68 -454.81 curveto
303.5 -455.22 323.21 -450.68 333.73 -446.02 curveto
344.25 -441.35 361.26 -433.42 374.53 -434.67 curveto
387.81 -435.92 407.21 -433.71 410.02 -421.6 curveto
412.83 -409.49 408.24 -397.35 411.09 -391.37 curveto
413.93 -385.39 430.06 -376.88 428.48 -369.41 curveto
426.89 -361.93 417.29 -345.92 409.57 -335.23 curveto
401.85 -324.55 400.74 -314.93 390.43 -305.37 curveto
380.12 -295.81 369.71 -291.65 370.73 -285.94 curveto
371.76 -280.22 378.44 -276.61 383.48 -270.03 curveto
388.52 -263.45 388.01 -239.09 389.35 -230.87 curveto
390.69 -222.65 394.88 -208.27 393.49 -203.87 curveto
392.1 -199.47 399.18 -191.74 406.54 -185.64 curveto
413.89 -179.54 421.7 -171.67 425.46 -168.8 curveto
429.22 -165.94 431.01 -166.03 432.16 -154.74 curveto
433.3 -143.44 437.62 -136.82 429.96 -131.73 curveto
422.3 -126.63 406.77 -106.88 399.29 -101.62 curveto
391.82 -96.35 375.61 -65.75 373.77 -59.7 curveto
371.93 -53.65 358.21 -54 367.76 -47.3 curveto
377.31 -40.6 386.14 -30.44 391.84 -31.64 curveto
397.55 -32.85 412.97 -30.96 415.38 -22.98 curveto
417.79 -15 410.89 -15.89 411.02 -9.95 curveto
411.16 -4.01 420.23 30.84 422.5 39.73 curveto
424.78 48.62 419.08 60.1 424.49 63.6 curveto
429.91 67.1 441.53 68.64 442.85 59.56 curveto
444.16 50.47 445.39 49.87 446.17 47.48 curveto stroke
 0 0 0 1 setcmykcolor 0 1.2 dtransform truncate idtransform setlinewidth pop
newpath 455.19 50.97 moveto
453.71 53.75 446.97 79.53 443.05 90.55 curveto
439.14 101.58 432.79 117.78 430.21 123.5 curveto
427.63 129.23 412.37 137.25 411.96 143.04 curveto
411.55 148.83 426.55 180.12 425.02 188.67 curveto
423.5 197.22 410.11 230.2 401.4 235.89 curveto
392.69 241.58 366.87 274.68 363.17 279.56 curveto
359.46 284.45 337.45 304.37 331.47 307.21 curveto
325.5 310.05 302.83 338.12 292.96 345.67 curveto
283.09 353.23 261.32 381.06 257 387.96 curveto
252.68 394.86 234.78 410.78 228.81 417.22 curveto
222.85 423.67 216.15 443.49 214.11 449.19 curveto
212.07 454.89 187.38 468.46 179.27 475.2 curveto
171.16 481.94 162.42 493.94 165.84 497.18 curveto
169.26 500.43 186.14 509.44 200.2 509.42 curveto
214.26 509.39 213.7 512.48 216.45 516.84 curveto
219.21 521.2 217.46 525.44 224.12 525.26 curveto
230.78 525.09 234.79 522.53 238.15 518.03 curveto
241.52 513.52 242.73 505.88 249.15 507.89 curveto
255.56 509.89 271.98 520.19 273.35 525.71 curveto
274.73 531.22 272.22 541.81 272.39 545.05 curveto
272.57 548.28 280.06 550.23 285.25 549.59 curveto
290.45 548.95 320.81 536.88 329.15 534.45 curveto
337.49 532.02 357.63 524.28 343.59 518 curveto
340.21 516.48 330.6 517.61 329.49 517.13 curveto stroke
 0.6 0.4 0 0.1 setcmykcolor 0 0.84 dtransform truncate idtransform setlinewidth pop
newpath 455.19 50.97 moveto
453.71 53.75 446.97 79.53 443.05 90.55 curveto
439.14 101.58 432.79 117.78 430.21 123.5 curveto
427.63 129.23 412.37 137.25 411.96 143.04 curveto
411.55 148.83 426.55 180.12 425.02 188.67 curveto
423.5 197.22 410.11 230.2 401.4 235.89 curveto
392.69 241.58 366.87 274.68 363.17 279.56 curveto
359.46 284.45 337.45 304.37 331.47 307.21 curveto
325.5 310.05 302.83 338.12 292.96 345.67 curveto
283.09 353.23 261.32 381.06 257 387.96 curveto
252.68 394.86 234.78 410.78 228.81 417.22 curveto
222.85 423.67 216.15 443.49 214.11 449.19 curveto
212.07 454.89 187.38 468.46 179.27 475.2 curveto
171.16 481.94 162.42 493.94 165.84 497.18 curveto
169.26 500.43 186.14 509.44 200.2 509.42 curveto
214.26 509.39 213.7 512.48 216.45 516.84 curveto
219.21 521.2 217.46 525.44 224.12 525.26 curveto
230.78 525.09 234.79 522.53 238.15 518.03 curveto
241.52 513.52 242.73 505.88 249.15 507.89 curveto
255.56 509.89 271.98 520.19 273.35 525.71 curveto
274.73 531.22 272.22 541.81 272.4 545.05 curveto
272.57 548.28 280.06 550.23 285.25 549.59 curveto
290.45 548.95 320.81 536.88 329.15 534.45 curveto
337.49 532.02 357.63 524.28 343.59 518 curveto
340.2 516.49 330.6 517.61 329.49 517.13 curveto stroke
 0 0.9 0.9 0.2 setcmykcolor
newpath 455.19 50.97 moveto
453.71 53.75 446.97 79.53 443.05 90.55 curveto
439.13 101.57 432.79 117.77 430.21 123.5 curveto
427.63 129.22 412.37 137.25 411.96 143.04 curveto
411.55 148.83 426.55 180.11 425.02 188.67 curveto
423.5 197.22 410.11 230.2 401.4 235.89 curveto
392.69 241.58 366.87 274.68 363.17 279.56 curveto
359.46 284.45 337.45 304.37 331.47 307.21 curveto
325.5 310.05 302.84 338.11 292.96 345.67 curveto
283.09 353.23 261.32 381.06 257 387.96 curveto
252.68 394.86 234.78 410.78 228.82 417.22 curveto
222.85 423.67 216.16 443.49 214.12 449.19 curveto
212.08 454.89 187.38 468.46 179.27 475.2 curveto
171.16 481.94 162.42 493.94 165.84 497.18 curveto
169.26 500.43 186.14 509.44 200.2 509.41 curveto
214.26 509.39 213.7 512.48 216.46 516.84 curveto
219.21 521.2 217.45 525.44 224.11 525.26 curveto
230.77 525.09 234.78 522.53 238.15 518.03 curveto
241.52 513.52 242.73 505.89 249.15 507.89 curveto
255.56 509.89 271.97 520.19 273.35 525.71 curveto
274.72 531.22 272.22 541.81 272.39 545.05 curveto
272.57 548.28 280.06 550.23 285.25 549.59 curveto
290.45 548.95 320.81 536.88 329.15 534.45 curveto
337.49 532.03 357.63 524.29 343.6 518 curveto
340.21 516.49 330.6 517.61 329.49 517.13 curveto stroke
 0 0 0 1 setcmykcolor 0 1.2 dtransform truncate idtransform setlinewidth pop
newpath 342.32 551.6 moveto
331.41 553.26 308.37 560.61 304.23 564.08 curveto
300.09 567.54 288.18 574.13 290.49 580.13 curveto
292.79 586.14 301.08 589.48 304.79 591.45 curveto
308.5 593.41 311.74 600.09 311.99 601.34 curveto stroke
 0.6 0.4 0 0.1 setcmykcolor 0 0.84 dtransform truncate idtransform setlinewidth pop
newpath 342.32 551.59 moveto
331.41 553.26 308.37 560.61 304.23 564.08 curveto
300.09 567.54 288.18 574.13 290.49 580.13 curveto
292.79 586.14 301.08 589.48 304.79 591.45 curveto
308.5 593.41 311.74 600.09 311.99 601.34 curveto stroke
 0 0.9 0.9 0.2 setcmykcolor
newpath 342.32 551.6 moveto
331.41 553.26 308.37 560.62 304.23 564.08 curveto
300.09 567.55 288.18 574.13 290.49 580.13 curveto
292.79 586.14 301.08 589.48 304.79 591.45 curveto
308.5 593.42 311.74 600.09 311.98 601.34 curveto stroke
 0 0 0 1 setcmykcolor 0 3.98505 dtransform truncate idtransform setlinewidth pop
newpath 207.05 515.35 moveto 0 0 rlineto stroke
newpath 210.75 519.18 moveto 0 0 rlineto stroke
 0 0.84 dtransform truncate idtransform setlinewidth pop
newpath 207.05 515.35 moveto
210.75 519.18 lineto stroke
 1 0.85 0 setrgbcolor 0 3.98505 dtransform truncate idtransform setlinewidth pop
newpath 207.05 515.34 moveto 0 0 rlineto stroke
newpath 210.75 519.18 moveto 0 0 rlineto stroke
 0 0.84 dtransform truncate idtransform setlinewidth pop
newpath 207.05 515.35 moveto
207.05 515.34 lineto
210.75 519.18 lineto
210.75 519.18 lineto stroke
showpage
%%EOF
