%!PS
%%BoundingBox: -663 -256 665 253 
%%HiResBoundingBox: -662.74252 -255.45996 664.69 253 
%%Creator: MetaPost 2.11
%%CreationDate: 2025.10.14:2236
%%Pages: 1
%%BeginProlog
%%EndProlog
%%Page: 1 1
 0 0 0 1 setcmykcolor 0 1.2 dtransform truncate idtransform setlinewidth pop
 [] 0 setdash 1 setlinecap 1 setlinejoin 10 setmiterlimit
newpath 209.6 71.27 moveto
212.54 65.9 212.17 65.73 213.4 61.89 curveto
214.63 58.04 201.56 57.64 196.41 55.75 curveto
191.26 53.84 186.37 53.91 177.57 52.19 curveto
168.79 50.48 168.25 50.51 164.61 49.97 curveto
160.97 49.44 160.93 48.72 157.11 48.01 curveto
153.28 47.31 154.73 47.41 148.8 47.71 curveto
142.87 48.01 141.38 47.19 135.42 46.94 curveto
129.45 46.7 128.57 47.11 120.11 47.53 curveto
111.65 47.96 96.06 49.82 91.57 50.05 curveto
87.07 50.28 88.48 49.49 84.5 49.15 curveto
80.52 48.81 77.08 48.63 72.39 48.51 curveto
67.7 48.4 35.85 49.15 26.13 49.29 curveto
16.41 49.44 12.08 49.48 8.37 47.33 curveto
4.65 45.18 -0.08 44.34 -11.81 44.4 curveto
-23.52 44.47 -39.67 38.65 -48.88 35.15 curveto
-58.09 31.64 -66.65 27.02 -81.72 25.43 curveto
-96.77 23.85 -126.98 17.66 -130.09 16.73 curveto
-133.2 15.81 -164.04 11.98 -171.62 11.65 curveto
-179.21 11.33 -179.6 14.4 -182.48 14.73 curveto
-185.35 15.05 -189.8 19.95 -196.43 24.07 curveto
-203.06 28.19 -209.19 31.39 -210.41 32.18 curveto
-211.63 32.96 -216.1 34.76 -219.96 38.79 curveto
-225.78 44.84 -236.07 48.07 -242.71 48.42 curveto
-249.35 48.77 -250.15 47.2 -259.68 46.98 curveto
-269.24 46.76 -262.57 46.78 -270.47 47.36 curveto
-278.39 47.95 -289.26 53.56 -298.33 55.82 curveto
-307.43 58.1 -324.49 63.83 -327.49 65.07 curveto
-330.49 66.31 -336.57 66.99 -340.83 72.09 curveto
-342.46 74.04 -339.92 79.61 -338.82 83.52 curveto
-337.72 87.43 -338.83 90.55 -340.91 92.1 curveto
-343 93.64 -428.34 109.52 -429.76 109.95 curveto
-431.18 110.38 -432.45 110.09 -433.53 110.14 curveto
-434.61 110.19 -471.92 84.1 -473.21 83.44 curveto
-474.49 82.79 -477.69 79.71 -478.66 78.14 curveto
-479.64 76.57 -491.43 51.07 -491.83 50.19 curveto
-492.24 49.31 -493.65 46.5 -494.1 44.9 curveto
-494.55 43.3 -493.38 38.73 -492.26 36.51 curveto
-491.14 34.28 -490.66 27.57 -489.68 25.9 curveto
-488.71 24.22 -471.09 -7.76 -469.98 -13.94 curveto
-468.86 -20.13 -444.68 -158.39 -444.68 -158.39 curveto
-437.03 -200.49 lineto
-437.03 -200.49 -435.05 -205.79 -434.45 -208.52 curveto
-433.85 -211.25 -434.34 -210.15 -434.34 -210.15 curveto
-434.34 -210.15 -441 -208.39 -443.92 -208.07 curveto
-446.83 -207.76 -445.56 -208 -447.92 -207.53 curveto
-450.28 -207.06 -449.47 -205.47 -450.33 -204.35 curveto
-451.19 -203.23 -451.68 -201.94 -454.39 -205.42 curveto
-457.1 -208.89 -465.13 -207.57 -471.53 -207.39 curveto
-477.92 -207.22 -479.33 -206.79 -479.33 -206.79 curveto
-479.33 -206.79 -486.56 -207.14 -488.02 -207.25 curveto
-489.49 -207.36 -496.97 -209.55 -500.34 -209.6 curveto
-503.72 -209.64 -506.21 -210.45 -514.06 -211.97 curveto
-521.92 -213.5 -520.54 -212.48 -534.04 -213.07 curveto
-547.4 -213.66 -594.03 -223.72 -598.2 -223.76 curveto
-602.47 -223.81 -602.33 -223.3 -603.07 -222.74 curveto
-603.81 -222.18 -612.72 -171.84 -612.53 -166.55 curveto
-612.36 -161.61 -615.53 -157.04 -619.01 -155.69 curveto
-622.98 -154.16 -659.75 -153.56 -660.75 -153.53 curveto stroke
 0.6 0.4 0 0.1 setcmykcolor 0 0.84 dtransform truncate idtransform setlinewidth pop
newpath 209.42 71.26 moveto
212.39 65.88 212.02 65.72 213.26 61.88 curveto
214.51 58.03 201.34 57.63 196.2 55.73 curveto
191.06 53.83 186.2 53.9 177.47 52.19 curveto
168.73 50.48 168.19 50.51 164.56 49.97 curveto
160.93 49.44 160.89 48.72 157.07 48.01 curveto
153.25 47.31 154.7 47.41 148.76 47.71 curveto
142.83 48.01 141.34 47.19 135.38 46.95 curveto
129.42 46.71 128.54 47.11 120.09 47.54 curveto
111.64 47.96 96.06 49.82 91.57 50.05 curveto
87.08 50.28 88.48 49.49 84.5 49.15 curveto
80.52 48.82 77.09 48.64 72.4 48.52 curveto
67.71 48.4 35.86 49.15 26.14 49.3 curveto
16.42 49.44 12.09 49.48 8.38 47.33 curveto
4.66 45.18 -0.07 44.35 -11.78 44.41 curveto
-23.49 44.48 -39.66 38.65 -48.86 35.15 curveto
-58.06 31.65 -66.6 27.03 -81.65 25.45 curveto
-96.71 23.87 -126.98 17.66 -130.09 16.73 curveto
-133.2 15.81 -164.01 11.99 -171.6 11.66 curveto
-179.19 11.33 -179.57 14.41 -182.44 14.74 curveto
-185.3 15.06 -189.74 19.97 -196.38 24.09 curveto
-203.02 28.21 -209.17 31.4 -210.39 32.18 curveto
-211.61 32.96 -216.09 34.76 -219.96 38.79 curveto
-225.77 44.85 -236.03 48.08 -242.67 48.43 curveto
-249.31 48.78 -250.11 47.2 -259.66 46.99 curveto
-269.22 46.76 -262.55 46.78 -270.45 47.37 curveto
-278.36 47.95 -289.24 53.56 -298.32 55.83 curveto
-307.4 58.1 -324.44 63.85 -327.44 65.09 curveto
-330.45 66.32 -336.55 67 -340.81 72.09 curveto
-342.45 74.04 -339.91 79.61 -338.81 83.52 curveto
-337.72 87.43 -338.82 90.55 -340.91 92.1 curveto
-342.99 93.64 -428.33 109.52 -429.76 109.95 curveto
-431.18 110.38 -432.45 110.09 -433.53 110.14 curveto
-434.61 110.19 -471.89 84.11 -473.18 83.45 curveto
-474.47 82.79 -477.68 79.71 -478.65 78.14 curveto
-479.64 76.57 -491.43 51.07 -491.83 50.19 curveto
-492.24 49.31 -493.64 46.5 -494.08 44.91 curveto
-494.53 43.31 -493.32 38.75 -492.17 36.53 curveto
-491.03 34.31 -490.47 27.62 -489.48 25.95 curveto
-488.48 24.28 -471.05 -7.75 -469.93 -13.93 curveto
-468.81 -20.12 -444.67 -158.39 -444.67 -158.39 curveto
-436.9 -200.45 lineto
-436.9 -200.45 -435.01 -205.78 -434.43 -208.52 curveto
-433.84 -211.25 -434.33 -210.14 -434.33 -210.14 curveto
-434.33 -210.14 -440.92 -208.36 -443.79 -208.04 curveto
-446.66 -207.71 -445.41 -207.95 -447.73 -207.47 curveto
-450.05 -206.99 -449.25 -205.41 -450.09 -204.29 curveto
-450.94 -203.16 -451.41 -201.87 -454.12 -205.34 curveto
-456.82 -208.81 -464.88 -207.5 -471.37 -207.35 curveto
-477.86 -207.2 -479.28 -206.77 -479.28 -206.77 curveto
-479.28 -206.77 -486.51 -207.12 -487.95 -207.23 curveto
-489.4 -207.34 -496.71 -209.48 -499.96 -209.49 curveto
-503.2 -209.5 -505.58 -210.28 -513.04 -211.7 curveto
-520.5 -213.11 -519.18 -212.1 -531.99 -212.52 curveto
-544.8 -212.94 -592.9 -223.41 -597.41 -223.54 curveto
-601.92 -223.66 -601.71 -223.13 -602.41 -222.56 curveto
-603.1 -221.98 -610.96 -171.13 -611.43 -166.24 curveto
-611.9 -161.35 -613.28 -156.59 -615.72 -154.84 curveto
-618.15 -153.09 -639.72 -151.07 -640.44 -151.04 curveto stroke
 0 0.9 0.9 0.2 setcmykcolor
newpath 209.44 71.28 moveto
212.41 65.9 212.04 65.74 213.29 61.89 curveto
214.53 58.04 201.36 57.63 196.21 55.73 curveto
191.07 53.83 186.21 53.9 177.47 52.19 curveto
168.73 50.47 168.19 50.5 164.56 49.96 curveto
160.92 49.43 160.89 48.71 157.06 48.01 curveto
153.24 47.3 154.69 47.41 148.76 47.71 curveto
142.83 48.01 141.34 47.19 135.38 46.95 curveto
129.42 46.72 128.54 47.12 120.09 47.55 curveto
111.64 47.99 96.06 49.87 91.56 50.1 curveto
87.07 50.33 88.47 49.53 84.49 49.2 curveto
80.51 48.86 77.07 48.68 72.38 48.56 curveto
67.69 48.44 35.82 49.17 26.1 49.3 curveto
16.37 49.44 12.05 49.48 8.33 47.33 curveto
4.62 45.18 -0.11 44.34 -11.82 44.4 curveto
-23.54 44.45 -39.7 38.61 -48.89 35.12 curveto
-58.08 31.62 -66.61 27.01 -81.65 25.44 curveto
-96.69 23.87 -126.92 17.66 -130.03 16.74 curveto
-133.15 15.82 -163.98 11.99 -171.57 11.66 curveto
-179.16 11.33 -179.54 14.41 -182.41 14.74 curveto
-185.27 15.06 -189.71 19.98 -196.35 24.1 curveto
-202.98 28.23 -209.13 31.43 -210.35 32.21 curveto
-211.57 32.99 -216.06 34.79 -219.93 38.83 curveto
-225.74 44.89 -236.03 48.12 -242.68 48.46 curveto
-249.33 48.8 -250.14 47.22 -259.7 46.99 curveto
-269.26 46.76 -262.6 46.78 -270.5 47.36 curveto
-278.4 47.95 -289.28 53.55 -298.36 55.82 curveto
-307.44 58.09 -324.45 63.82 -327.45 65.06 curveto
-330.45 66.3 -336.54 66.97 -340.79 72.05 curveto
-342.42 74 -339.86 79.57 -338.76 83.48 curveto
-337.66 87.39 -338.76 90.51 -340.84 92.06 curveto
-342.93 93.61 -428.27 109.51 -429.69 109.95 curveto
-431.11 110.38 -432.38 110.08 -433.46 110.14 curveto
-434.54 110.2 -471.92 84.17 -473.22 83.52 curveto
-474.51 82.86 -477.73 79.78 -478.72 78.21 curveto
-479.7 76.64 -491.46 51.11 -491.86 50.23 curveto
-492.27 49.35 -493.67 46.53 -494.12 44.93 curveto
-494.56 43.34 -493.35 38.77 -492.2 36.55 curveto
-491.06 34.32 -490.5 27.63 -489.5 25.95 curveto
-488.51 24.28 -471.04 -7.8 -469.92 -13.98 curveto
-468.79 -20.17 -444.69 -158.38 -444.69 -158.38 curveto
-436.93 -200.42 lineto
-436.93 -200.42 -435.03 -205.74 -434.45 -208.47 curveto
-433.87 -211.21 -434.36 -210.1 -434.36 -210.1 curveto
-434.36 -210.1 -440.93 -208.32 -443.8 -207.99 curveto
-446.67 -207.67 -445.42 -207.91 -447.74 -207.43 curveto
-450.06 -206.95 -449.25 -205.37 -450.1 -204.25 curveto
-450.94 -203.12 -451.42 -201.84 -454.12 -205.3 curveto
-456.82 -208.77 -464.86 -207.46 -471.34 -207.3 curveto
-477.82 -207.15 -479.24 -206.72 -479.24 -206.72 curveto
-479.24 -206.72 -486.47 -207.07 -487.92 -207.18 curveto
-489.37 -207.28 -496.69 -209.43 -499.93 -209.45 curveto
-503.18 -209.46 -505.56 -210.24 -513.02 -211.66 curveto
-520.48 -213.08 -519.17 -212.07 -531.99 -212.49 curveto
-544.81 -212.92 -592.93 -223.43 -597.44 -223.56 curveto
-601.95 -223.69 -601.75 -223.16 -602.44 -222.58 curveto
-603.13 -222.01 -610.98 -171.14 -611.45 -166.25 curveto
-611.92 -161.36 -613.3 -156.6 -615.73 -154.85 curveto
-618.17 -153.11 -639.69 -151.1 -640.41 -151.07 curveto stroke
 0 0 0 1 setcmykcolor 0 0.6 dtransform truncate idtransform setlinewidth pop
newpath 129.89 44.44997 moveto
141.89 44.44997 lineto stroke
newpath 132.28996 44.44997 moveto
133.51329 41.08894 138.26671 41.08894 139.49004 44.44997 curveto stroke
 0 1.99252 dtransform truncate idtransform setlinewidth pop
newpath 135.89 42.05 moveto 0 0 rlineto stroke
 0.6 0.4 0 0.1 setcmykcolor
newpath 135.86 42.06 moveto 0 0 rlineto stroke
 0 0.9 0.9 0.2 setcmykcolor
newpath 135.85 42.06 moveto 0 0 rlineto stroke
 0 0 0 1 setcmykcolor 0 0.6 dtransform truncate idtransform setlinewidth pop
newpath 161.78 44.45996 moveto
173.78 44.45996 lineto stroke
newpath 164.17996 44.45996 moveto
165.40329 41.09894 170.15671 41.09894 171.38004 44.45996 curveto stroke
 0 1.99252 dtransform truncate idtransform setlinewidth pop
newpath 167.78 42.06 moveto 0 0 rlineto stroke
 0.6 0.4 0 0.1 setcmykcolor
newpath 167.76 42.06 moveto 0 0 rlineto stroke
 0 0.9 0.9 0.2 setcmykcolor
newpath 167.75 42.05 moveto 0 0 rlineto stroke
 0 0 0 1 setcmykcolor 0 0.6 dtransform truncate idtransform setlinewidth pop
newpath 3.42 38.76 moveto
-109 13.48 lineto stroke
newpath -105.80981 12.96735 moveto
-109 13.48 lineto
-106.3364 15.30899 lineto stroke
newpath -431.85 104.11 moveto
-470.22 74.3 lineto stroke
newpath -467.11469 75.19286 moveto
-470.22 74.3 lineto
-468.58719 77.08821 lineto stroke
newpath -218.82 32.96 moveto
-181.25 6.57 lineto stroke
newpath -183.01509 9.27643 moveto
-181.25 6.57 lineto
-184.3947 7.31238 lineto stroke
 0 1.2 dtransform truncate idtransform setlinewidth pop
newpath -435.38 -212.8 moveto
-434.24 -211.77 lineto
-431.51 -211.37 lineto
-431.51 -211.37 -428.9 -213.31 -430.16 -213.24 curveto
-431.42 -213.18 -434.17 -213.94 -434.17 -213.94 curveto
 closepath stroke
 0.6 0.4 0 0.1 setcmykcolor 0 0.84 dtransform truncate idtransform setlinewidth pop
newpath -435.37 -212.8 moveto
-434.23 -211.77 lineto
-431.5 -211.37 lineto
-431.5 -211.37 -428.9 -213.31 -430.16 -213.24 curveto
-431.42 -213.18 -434.16 -213.94 -434.16 -213.94 curveto
 closepath stroke
 0 0.9 0.9 0.2 setcmykcolor
newpath -435.39 -212.75 moveto
-434.26 -211.73 lineto
-431.54 -211.33 lineto
-431.54 -211.33 -428.93 -213.26 -430.19 -213.2 curveto
-431.45 -213.13 -434.19 -213.89 -434.19 -213.89 curveto
 closepath stroke
 0 0 0 1 setcmykcolor 0 1.2 dtransform truncate idtransform setlinewidth pop
newpath 233.1 47.79 moveto
232.09 49.46 227.39 54.12 226 56.73 curveto
224.62 59.29 224.79 61.11 223.91 64.22 curveto
223.03 67.34 221.82 74.43 221.82 74.43 curveto stroke
 0.6 0.4 0 0.1 setcmykcolor 0 0.84 dtransform truncate idtransform setlinewidth pop
newpath 232.53 47.74 moveto
231.53 49.41 227.27 54.13 225.97 56.72 curveto
224.66 59.31 224.75 61.11 223.83 64.22 curveto
222.91 67.32 221.65 74.41 221.65 74.41 curveto stroke
 0 0.9 0.9 0.2 setcmykcolor
newpath 232.57 47.74 moveto
231.58 49.42 227.31 54.14 226 56.73 curveto
224.69 59.32 224.79 61.12 223.86 64.23 curveto
222.94 67.34 221.68 74.44 221.68 74.44 curveto stroke
 0 0 0 1 setcmykcolor 0 0.6 dtransform truncate idtransform setlinewidth pop
 [1.5 1.5 ] 0 setdash
newpath 560.84 166 moveto
560.84 166 541.71 208.95 528.51 227.83 curveto
519.11 241.28 528.03 228.93 511.2 252.14 curveto stroke
 0.6 0.4 0 0.1 setcmykcolor 0 0.84 dtransform truncate idtransform setlinewidth pop
 [] 0 setdash
newpath 561.09 166.09 moveto
561.09 166.09 541.96 209.04 528.76 227.92 curveto
519.36 241.37 528.28 229.02 511.45 252.23 curveto stroke
 0 0.9 0.9 0.2 setcmykcolor
newpath 561.26 166.1 moveto
561.26 166.1 542.12 209.07 528.92 227.95 curveto
519.51 241.41 528.44 229.06 511.6 252.27 curveto stroke
 0 0 0 1 setcmykcolor 0 0.6 dtransform truncate idtransform setlinewidth pop
 [1.5 1.5 ] 0 setdash
newpath 505.09 252.45 moveto
519.08 228.64 512.65 224.78 507 222.44 curveto
496.89 218.28 442.95 212.4 407.26 204.14 curveto
372.6 196.12 341.95 193.79 339.76 193.19 curveto
337.57 192.58 306.51 190.57 283.28 186.72 curveto
260.04 182.86 244.8 180.76 230.18 176.47 curveto
215.55 172.18 206.09 170.5 188.61 167.07 curveto
176.03 164.61 186.82 145.56 188.12 142.61 curveto
189.42 139.66 194.69 114.9 199.23 104.59 curveto
203.76 94.27 209.6 71.27 209.6 71.27 curveto stroke
 0.6 0.4 0 0.1 setcmykcolor 0 0.84 dtransform truncate idtransform setlinewidth pop
 [] 0 setdash
newpath 505.34 252.54 moveto
519.32 228.73 512.88 224.86 507.22 222.53 curveto
497.1 218.36 443.1 212.46 407.36 204.19 curveto
372.65 196.16 341.97 193.83 339.78 193.22 curveto
337.59 192.61 306.5 190.6 283.24 186.74 curveto
259.99 182.89 244.75 180.78 230.12 176.49 curveto
215.49 172.19 206.03 170.52 188.56 167.09 curveto
175.99 164.62 186.74 145.57 188.03 142.62 curveto
189.32 139.67 194.54 114.9 199.06 104.58 curveto
203.58 94.26 209.42 71.26 209.42 71.26 curveto stroke
 0 0.9 0.9 0.2 setcmykcolor
newpath 505.49 252.58 moveto
519.47 228.77 513.04 224.9 507.38 222.57 curveto
497.25 218.4 443.24 212.51 407.49 204.25 curveto
372.76 196.22 342.07 193.9 339.88 193.29 curveto
337.68 192.68 306.58 190.67 283.31 186.82 curveto
260.04 182.96 244.79 180.86 230.15 176.56 curveto
215.52 172.26 206.06 170.58 188.58 167.15 curveto
176 164.68 186.76 145.62 188.05 142.67 curveto
189.34 139.72 194.56 114.94 199.07 104.61 curveto
203.59 94.29 209.44 71.28 209.44 71.28 curveto stroke
 0 0 0 1 setcmykcolor 0 0.6 dtransform truncate idtransform setlinewidth pop
 [1.5 1.5 ] 0 setdash
newpath 221.82 74.43 moveto
221.82 74.43 215.74 88.61 214.81 98.74 curveto
213.87 108.88 208.4 114.92 209.3 118.47 curveto
210.19 122.03 206.23 129.44 204.6 140.32 curveto
202.98 151.21 201.82 157.03 201.82 157.03 curveto
201.82 157.03 207.09 162.86 227.46 165.08 curveto
249.92 167.53 261.59 170.54 279.01 173.25 curveto
296.43 175.96 316.11 180.71 331.98 181.34 curveto
347.85 181.97 382 187.16 397.96 190.92 curveto
420.55 196.25 445.18 199.31 453.11 199.63 curveto
461.05 199.94 482.81 203.15 492.93 204.07 curveto
503.06 204.99 519.51 217.12 522.35 209.23 curveto
528.25 192.84 546.82 162.75 546.82 162.75 curveto stroke
 0.6 0.4 0 0.1 setcmykcolor 0 0.84 dtransform truncate idtransform setlinewidth pop
 [] 0 setdash
newpath 221.65 74.41 moveto
221.65 74.41 215.53 88.6 214.61 98.73 curveto
213.69 108.87 208.23 114.91 209.14 118.47 curveto
210.04 122.03 206.09 129.44 204.49 140.33 curveto
202.88 151.22 201.74 157.05 201.74 157.05 curveto
201.74 157.05 207.01 162.88 227.37 165.1 curveto
249.83 167.55 261.52 170.55 278.95 173.27 curveto
296.38 175.98 316.08 180.74 331.96 181.37 curveto
347.85 182 382.04 187.21 398.04 190.97 curveto
420.65 196.31 445.31 199.38 453.26 199.69 curveto
461.2 200.01 482.99 203.22 493.13 204.15 curveto
503.26 205.07 519.74 217.21 522.58 209.31 curveto
528.47 192.93 547.05 162.84 547.05 162.84 curveto stroke
 0 0.9 0.9 0.2 setcmykcolor
newpath 221.68 74.44 moveto
221.68 74.44 215.56 88.63 214.64 98.77 curveto
213.71 108.91 208.26 114.96 209.16 118.52 curveto
210.06 122.07 206.12 129.49 204.51 140.38 curveto
202.91 151.28 201.76 157.1 201.76 157.1 curveto
201.76 157.1 207.04 162.94 227.41 165.16 curveto
249.88 167.62 261.57 170.62 279.01 173.34 curveto
296.46 176.05 316.17 180.81 332.06 181.44 curveto
347.95 182.06 382.16 187.26 398.16 191.03 curveto
420.78 196.36 445.45 199.42 453.4 199.74 curveto
461.34 200.05 483.14 203.26 493.28 204.18 curveto
503.42 205.11 519.9 217.24 522.74 209.34 curveto
528.63 192.95 547.21 162.85 547.21 162.85 curveto stroke
 0 0 0 1 setcmykcolor 0 0.6 dtransform truncate idtransform setlinewidth pop
newpath 547.07993 137.15996 moveto
547.07993 138.76006 549.48007 138.76006 549.48007 137.15996 curveto
549.48007 136.04297 548.28 135.27695 548.28 134.15996 curveto stroke
 0 1.44 dtransform truncate idtransform setlinewidth pop
newpath 548.28 132.36003 moveto 0 0 rlineto stroke
 0 1.99252 dtransform truncate idtransform setlinewidth pop
newpath 548.28 134.76 moveto 0 0 rlineto stroke
 0.6 0.4 0 0.1 setcmykcolor
newpath 548.5 134.84 moveto 0 0 rlineto stroke
 0 0.9 0.9 0.2 setcmykcolor
newpath 548.66 134.84 moveto 0 0 rlineto stroke
 0 0 0 1 setcmykcolor 0 0.6 dtransform truncate idtransform setlinewidth pop
newpath 613.39 80.79 moveto
562.11 148.28 lineto stroke
newpath 562.96945 145.16525 moveto
562.11 148.28 lineto
564.88052 146.61734 lineto stroke
newpath 613.39 80.79 moveto
613.39 80.79 661.68 25.34 664.39 21.96 curveto stroke
newpath 663.4071 25.038 moveto
664.39 21.96 lineto
661.55542 23.51093 lineto stroke
 0 1.2 dtransform truncate idtransform setlinewidth pop
newpath -456.4 -16.44 moveto
-456.38 -9.23 -458.81 -7.66 -460.79 -3.25 curveto
-462.76 1.16 -464.47 4.45 -469.48 12.98 curveto
-474.49 21.49 -472.43 25.73 -477.33 33.92 curveto
-480.24 38.78 -481.23 40.62 -479.44 40.53 curveto
-477.65 40.44 -436.36 25.34 -425.55 24.81 curveto
-410.35 24.07 -334.58 8.88 -325.21 5.97 curveto
-297.51 -2.66 -246.74 -10.65 -246.74 -10.65 curveto
-246.74 -10.65 -211.3 -16.07 -210.22 -16.13 curveto
-209.14 -16.18 -182.55 -15.52 -176.29 -16.38 curveto
-170.03 -17.24 -155.33 -11.16 -144.95 -8.64 curveto
-134.54 -6.12 -134.07 -7.41 -133.35 -7.44 curveto
-132.63 -7.48 -122.79 -5.47 -121.14 -4.83 curveto
-119.48 -4.2 -115.25 -2.61 -112.54 -2.39 curveto
-109.82 -2.17 -100.29 -5.91 -93.89 -4.08 curveto
-87.48 -2.24 -73.47 -0.06 -65.29 0.79 curveto
-57.12 1.64 -43.71 6.02 -35.26 8.84 curveto
-26.82 11.65 -22.97 16.51 -18.08 16.97 curveto
-13.2 17.44 -7 25.77 -2.67 25.73 curveto
1.66 25.69 -3.2 25.94 2.55 25.46 curveto
8.29 24.99 13.78 23.08 16.56 20.96 curveto
19.33 18.83 14.52 13.13 15.14 11.29 curveto
15.77 9.46 22.85 0.26 22.96 -1.01 curveto
23.08 -2.28 25.55 -3.31 33.47 -3.36 curveto
41.4 -3.41 58.47 -1.05 62.55 1.26 curveto
66.64 3.57 83.92 13.32 88.53 15.42 curveto
93.15 17.53 101.39 23.42 102.13 23.74 curveto
102.86 24.07 111.67 26.87 115.32 27.77 curveto
118.98 28.66 130.79 30.41 135.69 30.89 curveto
140.58 31.36 147.38 30.66 153.14 30.55 curveto
158.89 30.44 162.17 31.18 164.71 31.59 curveto
167.25 32 195.71 37.96 199.2 38.5 curveto
202.68 39.05 204.31 38.97 213.15 41.77 curveto
221.96 44.56 215.85 41.09 220.37 40.33 curveto
224.88 39.57 226.26 34.1 226.26 34.1 curveto stroke
 0.6 0.4 0 0.1 setcmykcolor 0 0.84 dtransform truncate idtransform setlinewidth pop
newpath -456.36 -16.43 moveto
-456.36 -9.22 -458.8 -7.66 -460.74 -3.24 curveto
-462.67 1.18 -464.3 4.5 -469.26 13.04 curveto
-474.22 21.57 -472.2 25.79 -477.18 33.96 curveto
-480.14 38.81 -481.16 40.64 -479.35 40.55 curveto
-477.55 40.46 -436.14 25.4 -425.36 24.86 curveto
-410.26 24.1 -334.4 8.94 -325.03 6.01 curveto
-297.34 -2.61 -246.6 -10.62 -246.6 -10.62 curveto
-246.6 -10.62 -211.2 -16.04 -210.12 -16.1 curveto
-209.05 -16.15 -182.53 -15.52 -176.27 -16.38 curveto
-170.01 -17.24 -155.29 -11.15 -144.9 -8.63 curveto
-134.5 -6.11 -134.03 -7.39 -133.31 -7.43 curveto
-132.59 -7.47 -122.75 -5.45 -121.1 -4.82 curveto
-119.44 -4.18 -115.21 -2.6 -112.49 -2.38 curveto
-109.77 -2.16 -100.22 -5.89 -93.81 -4.05 curveto
-87.4 -2.22 -73.39 -0.04 -65.23 0.81 curveto
-57.07 1.66 -43.68 6.03 -35.24 8.85 curveto
-26.8 11.66 -22.95 16.51 -18.06 16.98 curveto
-13.17 17.45 -6.98 25.78 -2.65 25.74 curveto
1.67 25.69 -3.18 25.94 2.56 25.47 curveto
8.3 24.99 13.79 23.09 16.57 20.96 curveto
19.34 18.84 14.54 13.14 15.17 11.3 curveto
15.79 9.47 22.89 0.27 23 -1 curveto
23.12 -2.27 25.59 -3.29 33.51 -3.34 curveto
41.44 -3.4 58.5 -1.04 62.58 1.27 curveto
66.66 3.58 83.92 13.32 88.54 15.43 curveto
93.15 17.54 101.39 23.42 102.12 23.75 curveto
102.86 24.07 111.66 26.87 115.31 27.77 curveto
118.96 28.67 130.76 30.42 135.66 30.89 curveto
140.55 31.36 147.36 30.66 153.12 30.55 curveto
158.88 30.44 162.17 31.18 164.71 31.59 curveto
167.25 32 195.47 37.94 198.92 38.48 curveto
202.37 39.02 203.98 38.94 212.77 41.73 curveto
221.56 44.52 215.44 41.05 219.9 40.29 curveto
224.36 39.52 225.7 34.05 225.7 34.05 curveto stroke
 0 0.9 0.9 0.2 setcmykcolor
newpath -456.35 -16.48 moveto
-456.34 -9.27 -458.78 -7.7 -460.72 -3.28 curveto
-462.65 1.15 -464.29 4.48 -469.26 13.02 curveto
-474.23 21.57 -472.21 25.79 -477.19 33.97 curveto
-480.15 38.83 -481.18 40.67 -479.38 40.58 curveto
-477.58 40.48 -436.17 25.39 -425.39 24.83 curveto
-410.29 24.06 -334.42 8.92 -325.06 6 curveto
-297.39 -2.63 -246.61 -10.63 -246.61 -10.63 curveto
-246.61 -10.63 -211.2 -16.05 -210.12 -16.11 curveto
-209.04 -16.16 -182.51 -15.54 -176.25 -16.4 curveto
-169.99 -17.26 -155.26 -11.17 -144.85 -8.63 curveto
-134.45 -6.1 -133.97 -7.39 -133.25 -7.42 curveto
-132.54 -7.46 -122.7 -5.44 -121.04 -4.81 curveto
-119.39 -4.17 -115.16 -2.58 -112.45 -2.36 curveto
-109.73 -2.14 -100.19 -5.87 -93.79 -4.04 curveto
-87.39 -2.2 -73.4 -0.04 -65.24 0.81 curveto
-57.09 1.65 -43.71 6.01 -35.27 8.83 curveto
-26.84 11.64 -22.99 16.49 -18.1 16.96 curveto
-13.2 17.43 -7.01 25.76 -2.69 25.72 curveto
1.64 25.68 -3.22 25.93 2.53 25.46 curveto
8.27 24.98 13.76 23.08 16.54 20.95 curveto
19.31 18.83 14.51 13.13 15.14 11.29 curveto
15.77 9.46 22.87 0.26 22.98 -1 curveto
23.1 -2.27 25.57 -3.3 33.5 -3.35 curveto
41.42 -3.39 58.49 -1.02 62.57 1.29 curveto
66.65 3.61 83.92 13.36 88.53 15.47 curveto
93.14 17.57 101.38 23.46 102.11 23.78 curveto
102.85 24.11 111.65 26.9 115.3 27.79 curveto
118.95 28.69 130.75 30.43 135.64 30.9 curveto
140.53 31.37 147.35 30.66 153.11 30.54 curveto
158.87 30.43 162.15 31.16 164.69 31.57 curveto
167.24 31.98 195.48 37.93 198.93 38.47 curveto
202.39 39.02 204 38.93 212.8 41.73 curveto
221.59 44.52 215.47 41.05 219.93 40.28 curveto
224.4 39.51 225.74 34.04 225.74 34.04 curveto stroke
 0 0 0 1 setcmykcolor 0 1.2 dtransform truncate idtransform setlinewidth pop
newpath -54.16 13.22 moveto
-54.16 13.22 -63.83 18.58 -58 19.37 curveto
-52.17 20.16 -54.05 22.24 -49.19 21.99 curveto
-44.32 21.75 -41.9 23.07 -39.65 21.33 curveto
-37.39 19.6 -36.63 20.46 -37.8 18.71 curveto
-38.98 16.97 -41.34 16.55 -41.34 16.55 curveto
-41.34 16.55 -43.61 14.68 -44.88 14.56 curveto
-46.15 14.44 -50.62 11.78 -50.62 11.78 curveto
 closepath stroke
 0.6 0.4 0 0.1 setcmykcolor 0 0.84 dtransform truncate idtransform setlinewidth pop
newpath -54.13 13.23 moveto
-54.13 13.23 -63.78 18.59 -57.97 19.38 curveto
-52.15 20.16 -54.03 22.24 -49.17 22 curveto
-44.32 21.75 -41.9 23.07 -39.65 21.33 curveto
-37.39 19.6 -36.63 20.46 -37.8 18.72 curveto
-38.97 16.97 -41.33 16.55 -41.33 16.55 curveto
-41.33 16.55 -43.59 14.68 -44.86 14.57 curveto
-46.13 14.45 -50.6 11.79 -50.6 11.79 curveto
 closepath stroke
 0 0.9 0.9 0.2 setcmykcolor
newpath -54.15 13.22 moveto
-54.15 13.22 -63.79 18.58 -57.99 19.36 curveto
-52.18 20.15 -54.05 22.23 -49.2 21.98 curveto
-44.35 21.73 -41.94 23.05 -39.68 21.31 curveto
-37.43 19.57 -36.66 20.43 -37.83 18.69 curveto
-39 16.95 -41.37 16.53 -41.37 16.53 curveto
-41.37 16.53 -43.63 14.66 -44.89 14.55 curveto
-46.16 14.43 -50.62 11.78 -50.62 11.78 curveto
 closepath stroke
 0 0 0 1 setcmykcolor 0 0.6 dtransform truncate idtransform setlinewidth pop
newpath 91.6 22.48 moveto
66.14 7.92 lineto stroke
newpath 69.33997 8.36754 moveto
66.14 7.92 lineto
68.14847 10.45103 lineto stroke
 0 1.2 dtransform truncate idtransform setlinewidth pop
newpath -456.4 -16.44 moveto
-456.4 -16.44 -451.45 -23.57 -451.52 -40.96 curveto
-451.6 -58.36 -454.92 -52.78 -449.44 -69.69 curveto
-443.95 -86.61 -441.74 -86.34 -439.46 -99.42 curveto
-437.18 -112.5 -438.16 -109.93 -437.27 -126.13 curveto
-436.38 -142.3 -436.88 -140.81 -434.99 -154.57 curveto
-433.1 -168.37 -426.6 -192.21 -427.56 -198.63 curveto
-428.53 -205.04 -427.07 -204.76 -427.26 -209.07 curveto
-427.46 -213.38 -427.27 -216.28 -431.21 -216.08 curveto
-435.18 -215.88 -458.17 -215.51 -464.38 -217.36 curveto
-470.54 -219.18 -477.35 -219.89 -479.13 -219.79 curveto
-480.92 -219.69 -475.17 -219.27 -487.14 -220.82 curveto
-499.42 -222.42 -509.84 -221.31 -508.26 -225.72 curveto
-506.69 -230.12 -506.25 -234.14 -505.24 -235.63 curveto stroke
 0.6 0.4 0 0.1 setcmykcolor 0 0.84 dtransform truncate idtransform setlinewidth pop
newpath -456.36 -16.43 moveto
-456.36 -16.43 -451.32 -23.54 -451.12 -40.86 curveto
-450.92 -58.18 -454.24 -52.6 -448.61 -69.47 curveto
-442.98 -86.35 -440.8 -86.1 -438.59 -99.19 curveto
-436.37 -112.29 -437.32 -109.72 -436.71 -125.98 curveto
-436.09 -142.23 -436.74 -140.76 -434.92 -154.56 curveto
-433.1 -168.36 -426.37 -192.15 -427.42 -198.59 curveto
-428.48 -205.03 -427.02 -204.74 -427.24 -209.06 curveto
-427.46 -213.38 -427.24 -216.28 -431.2 -216.08 curveto
-435.16 -215.88 -457.88 -215.44 -464.11 -217.29 curveto
-470.34 -219.13 -477.24 -219.86 -479.04 -219.77 curveto
-480.84 -219.67 -475.04 -219.25 -487.03 -220.8 curveto
-499 -222.33 -509.02 -221.09 -507.45 -225.5 curveto
-505.88 -229.9 -505.36 -233.9 -504.36 -235.39 curveto stroke
 0 0.9 0.9 0.2 setcmykcolor
newpath -456.35 -16.48 moveto
-456.35 -16.48 -451.3 -23.59 -451.11 -40.9 curveto
-450.91 -58.21 -454.23 -52.63 -448.61 -69.5 curveto
-442.98 -86.37 -440.81 -86.12 -438.59 -99.22 curveto
-436.38 -112.31 -437.33 -109.73 -436.72 -125.99 curveto
-436.11 -142.24 -436.76 -140.76 -434.94 -154.56 curveto
-433.12 -168.35 -426.41 -192.12 -427.46 -198.56 curveto
-428.51 -204.99 -427.05 -204.71 -427.27 -209.02 curveto
-427.49 -213.33 -427.28 -216.23 -431.24 -216.03 curveto
-435.19 -215.82 -457.88 -215.38 -464.1 -217.23 curveto
-470.32 -219.07 -477.21 -219.8 -479.01 -219.71 curveto
-480.81 -219.62 -475.02 -219.19 -486.99 -220.74 curveto
-498.97 -222.29 -509 -221.06 -507.42 -225.46 curveto
-505.84 -229.87 -505.33 -233.86 -504.32 -235.36 curveto stroke
 0 0 0 1 setcmykcolor 0 1.2 dtransform truncate idtransform setlinewidth pop
newpath -657.82 -169.62 moveto
-648.38 -167.89 -639.2 -166.56 -633.58 -169.31 curveto
-628.73 -171.68 -626.13 -179.87 -626.13 -179.87 curveto
-626.13 -179.87 -614.13 -223.52 -614.06 -224.91 curveto
-613.99 -226.31 -612 -231.34 -613.11 -235.98 curveto
-614.24 -240.7 -598.44 -237.1 -594.43 -237.42 curveto
-590.46 -237.73 -573.18 -235.78 -569.68 -235.28 curveto
-566.14 -234.78 -559.73 -235.13 -556.85 -235.27 curveto
-553.96 -235.42 -544.69 -233.32 -542.09 -233.07 curveto
-539.48 -232.82 -529.61 -229.97 -520.56 -229.59 curveto
-511.51 -229.21 -509.82 -239.61 -509.82 -239.61 curveto stroke
 0.6 0.4 0 0.1 setcmykcolor 0 0.84 dtransform truncate idtransform setlinewidth pop
newpath -640.83 -162.21 moveto
-634.35 -162.55 -629.35 -163.7 -626.63 -167.09 curveto
-623.91 -170.48 -620.69 -178.2 -620.69 -178.2 curveto
-620.69 -178.2 -613.25 -223.26 -613.33 -224.7 curveto
-613.4 -226.14 -611.86 -231.26 -612.82 -235.9 curveto
-613.77 -240.53 -598.1 -237.01 -593.79 -237.24 curveto
-589.48 -237.46 -570.99 -235.18 -567.36 -234.64 curveto
-563.73 -234.11 -557.26 -234.44 -554.39 -234.59 curveto
-551.52 -234.74 -542.4 -232.69 -539.87 -232.46 curveto
-537.34 -232.23 -527.83 -229.48 -519.17 -229.21 curveto
-510.51 -228.94 -508.71 -239.31 -508.71 -239.31 curveto stroke
 0 0.9 0.9 0.2 setcmykcolor
newpath -640.8 -162.22 moveto
-634.33 -162.55 -629.34 -163.71 -626.63 -167.09 curveto
-623.92 -170.47 -620.71 -178.21 -620.71 -178.21 curveto
-620.71 -178.21 -613.29 -223.29 -613.36 -224.73 curveto
-613.44 -226.16 -611.9 -231.29 -612.85 -235.93 curveto
-613.81 -240.56 -598.13 -237.04 -593.82 -237.26 curveto
-589.5 -237.48 -571 -235.19 -567.37 -234.65 curveto
-563.74 -234.12 -557.27 -234.45 -554.39 -234.59 curveto
-551.51 -234.74 -542.4 -232.69 -539.86 -232.45 curveto
-537.32 -232.22 -527.81 -229.47 -519.15 -229.19 curveto
-510.48 -228.91 -508.67 -239.28 -508.67 -239.28 curveto stroke
 0 0 0 1 setcmykcolor 0 0.6 dtransform truncate idtransform setlinewidth pop
newpath -502.33008 -249.94003 moveto
-502.33008 -248.33994 -499.92993 -248.33994 -499.92993 -249.94003 curveto
-499.92993 -251.05702 -501.13 -251.82304 -501.13 -252.94003 curveto stroke
 0 1.44 dtransform truncate idtransform setlinewidth pop
newpath -501.13 -254.73996 moveto 0 0 rlineto stroke
 0 1.99252 dtransform truncate idtransform setlinewidth pop
newpath -501.13 -252.34 moveto 0 0 rlineto stroke
 0.6 0.4 0 0.1 setcmykcolor
newpath -499.99 -252.03 moveto 0 0 rlineto stroke
 0 0.9 0.9 0.2 setcmykcolor
newpath -499.95 -251.98 moveto 0 0 rlineto stroke
 0 0 0 1 setcmykcolor 0 1.2 dtransform truncate idtransform setlinewidth pop
newpath 28.61 27.54 moveto
28.61 27.54 25.74 27.69 38.15 31.01 curveto
50.57 34.33 53.07 33.84 62.81 34.06 curveto
72.56 34.27 82.98 33.74 84.42 33.66 curveto
85.86 33.59 86.62 34.27 89.78 32.66 curveto
92.94 31.06 95.37 29.13 89.52 27.63 curveto
83.67 26.13 81.71 23.76 79.51 22.38 curveto
75.79 20.05 75.41 19.71 73.19 18.74 curveto
70.98 17.77 62.37 11.73 60.16 10.76 curveto
57.94 9.79 50.62 7.65 47.03 7.84 curveto
43.44 8.02 36.19 7.32 35.19 8.81 curveto
34.19 10.31 34.74 13.89 34.74 13.89 curveto
33.64 20.43 lineto
 closepath stroke
 0.6 0.4 0 0.1 setcmykcolor 0 0.84 dtransform truncate idtransform setlinewidth pop
newpath 28.62 27.55 moveto
28.62 27.55 25.74 27.7 38.16 31.02 curveto
50.59 34.34 53.08 33.85 62.82 34.06 curveto
72.56 34.28 82.99 33.74 84.42 33.66 curveto
85.86 33.59 86.62 34.27 89.78 32.66 curveto
92.94 31.06 95.37 29.14 89.52 27.63 curveto
83.68 26.13 81.72 23.76 79.52 22.38 curveto
75.8 20.05 75.42 19.71 73.2 18.74 curveto
70.99 17.78 62.39 11.74 60.18 10.77 curveto
57.97 9.8 50.65 7.66 47.06 7.85 curveto
43.47 8.04 36.22 7.33 35.22 8.82 curveto
34.21 10.32 34.76 13.89 34.76 13.89 curveto
33.66 20.44 lineto
 closepath stroke
 0 0.9 0.9 0.2 setcmykcolor
newpath 28.59 27.55 moveto
28.59 27.55 25.71 27.69 38.14 31.02 curveto
50.57 34.35 53.06 33.86 62.81 34.09 curveto
72.55 34.31 82.98 33.77 84.42 33.7 curveto
85.86 33.63 86.61 34.31 89.77 32.71 curveto
92.94 31.1 95.36 29.18 89.52 27.67 curveto
83.67 26.17 81.71 23.8 79.51 22.42 curveto
75.79 20.08 75.41 19.74 73.2 18.77 curveto
70.99 17.81 62.39 11.76 60.17 10.79 curveto
57.96 9.82 50.64 7.67 47.05 7.86 curveto
43.45 8.04 36.2 7.33 35.2 8.82 curveto
34.19 10.32 34.74 13.89 34.74 13.89 curveto
33.63 20.44 lineto
 closepath stroke
 0 0 0 1 setcmykcolor 0 1.2 dtransform truncate idtransform setlinewidth pop
newpath -474.67 62.25 moveto
-473.19 62.9 -442.25 92 -431.94 95.82 curveto
-421.67 99.62 -432.08 99.8 -417.87 96.89 curveto
-403.66 93.99 -394.64 94.24 -387.53 92.08 curveto
-380.42 89.92 -376.05 90.43 -367.16 87.46 curveto
-358.27 84.5 -351.38 84.87 -351.54 81.63 curveto
-351.7 78.4 -356.24 73.95 -357.4 72.56 curveto
-358.55 71.18 -366.06 73 -360.52 68.03 curveto
-354.99 63.07 -351.9 60.03 -345.83 58.99 curveto
-339.76 57.95 -328.56 58.44 -321.16 54.82 curveto
-313.75 51.19 -307.7 49.09 -301.3 46.96 curveto
-294.92 44.84 -294.27 43.71 -284.36 40.32 curveto
-274.43 36.93 -269.08 35.59 -264.78 35.01 curveto
-260.5 34.43 -246.27 31.87 -238.75 31.12 curveto
-231.22 30.36 -225.44 30.42 -222.28 28.82 curveto
-219.12 27.21 -217.67 27.5 -211.17 21.04 curveto
-204.66 14.58 -185.76 2.83 -185.76 2.83 curveto
-185.76 2.83 -172.92 -7.18 -185.49 -6.19 curveto
-198.09 -5.2 -215.06 -5.08 -220.75 -3.34 curveto
-226.43 -1.61 -251.35 4.02 -258.85 5.13 curveto
-266.36 6.24 -282.44 8.86 -287.42 10.19 curveto
-292.39 11.52 -298.74 14.36 -307.61 17.33 curveto
-316.48 20.3 -323.95 22.49 -326.08 23.32 curveto
-328.2 24.15 -343.23 26.73 -347.91 26.98 curveto
-352.58 27.22 -367.98 28.77 -369.41 28.84 curveto
-370.84 28.92 -393.24 33.33 -398.61 34.31 curveto
-403.99 35.3 -409.7 37.37 -411.83 38.2 curveto
-413.97 39.02 -420.76 40.79 -422.2 40.86 curveto
-423.65 40.94 -451.61 44.14 -451.61 44.14 curveto
-451.61 44.14 -467.38 51.45 -469.88 51.57 curveto
-472.39 51.7 -476.15 61.61 -474.67 62.25 curveto closepath stroke
 0.6 0.4 0 0.1 setcmykcolor 0 0.84 dtransform truncate idtransform setlinewidth pop
newpath -474.62 62.27 moveto
-473.14 62.91 -442.16 92.02 -431.89 95.83 curveto
-421.63 99.63 -432.06 99.8 -417.8 96.91 curveto
-403.53 94.02 -394.5 94.28 -387.4 92.12 curveto
-380.3 89.96 -375.95 90.46 -367.09 87.48 curveto
-358.23 84.51 -351.36 84.88 -351.52 81.64 curveto
-351.68 78.4 -356.23 73.95 -357.38 72.57 curveto
-358.53 71.18 -366.02 73 -360.49 68.04 curveto
-354.97 63.07 -351.88 60.03 -345.81 58.99 curveto
-339.72 57.95 -328.51 58.46 -321.11 54.83 curveto
-313.71 51.21 -307.69 49.09 -301.3 46.96 curveto
-294.91 44.83 -294.25 43.72 -284.33 40.33 curveto
-274.41 36.94 -269.08 35.59 -264.78 35.01 curveto
-260.5 34.43 -246.23 31.88 -238.72 31.13 curveto
-231.2 30.37 -225.43 30.43 -222.27 28.82 curveto
-219.11 27.22 -217.65 27.5 -211.13 21.05 curveto
-204.61 14.59 -185.74 2.83 -185.74 2.83 curveto
-185.74 2.83 -172.92 -7.18 -185.47 -6.18 curveto
-198.04 -5.19 -214.97 -5.05 -220.65 -3.32 curveto
-226.33 -1.58 -251.26 4.04 -258.76 5.15 curveto
-266.27 6.26 -282.34 8.89 -287.31 10.22 curveto
-292.29 11.55 -298.63 14.39 -307.5 17.36 curveto
-316.36 20.33 -323.83 22.52 -325.95 23.35 curveto
-328.08 24.18 -343.1 26.77 -347.78 27.01 curveto
-352.45 27.26 -367.87 28.8 -369.3 28.87 curveto
-370.74 28.95 -393.22 33.33 -398.58 34.32 curveto
-403.93 35.31 -409.59 37.4 -411.71 38.23 curveto
-413.83 39.06 -420.59 40.84 -422.03 40.91 curveto
-423.47 40.98 -451.41 44.19 -451.41 44.19 curveto
-451.41 44.19 -467.26 51.48 -469.78 51.6 curveto
-472.3 51.73 -476.09 61.62 -474.62 62.27 curveto closepath stroke
 0 0.9 0.9 0.2 setcmykcolor
newpath -474.66 62.32 moveto
-473.19 62.97 -442.14 92.02 -431.85 95.82 curveto
-421.56 99.62 -432.01 99.79 -417.74 96.9 curveto
-403.47 94.01 -394.44 94.26 -387.34 92.1 curveto
-380.25 89.93 -375.89 90.43 -367.03 87.45 curveto
-358.17 84.48 -351.31 84.85 -351.47 81.61 curveto
-351.64 78.37 -356.19 73.92 -357.34 72.54 curveto
-358.5 71.16 -365.97 72.98 -360.46 68.01 curveto
-354.95 63.04 -351.86 60 -345.78 58.97 curveto
-339.71 57.94 -328.51 58.45 -321.12 54.82 curveto
-313.74 51.2 -307.72 49.09 -301.34 46.96 curveto
-294.96 44.83 -294.29 43.72 -284.37 40.32 curveto
-274.45 36.93 -269.12 35.58 -264.82 35 curveto
-260.52 34.42 -246.23 31.88 -238.7 31.14 curveto
-231.17 30.39 -225.4 30.46 -222.24 28.85 curveto
-219.08 27.25 -217.62 27.53 -211.1 21.07 curveto
-204.58 14.61 -185.72 2.83 -185.72 2.83 curveto
-185.72 2.83 -172.9 -7.2 -185.46 -6.19 curveto
-198.03 -5.19 -214.96 -5.04 -220.64 -3.31 curveto
-226.32 -1.58 -251.27 4.02 -258.78 5.13 curveto
-266.29 6.24 -282.38 8.86 -287.36 10.2 curveto
-292.34 11.53 -298.68 14.38 -307.54 17.36 curveto
-316.4 20.34 -323.86 22.52 -325.98 23.35 curveto
-328.1 24.18 -343.11 26.75 -347.78 26.99 curveto
-352.45 27.23 -367.88 28.74 -369.32 28.81 curveto
-370.75 28.89 -393.24 33.28 -398.6 34.28 curveto
-403.95 35.27 -409.61 37.36 -411.73 38.19 curveto
-413.85 39.02 -420.61 40.81 -422.05 40.88 curveto
-423.49 40.96 -451.44 44.19 -451.44 44.19 curveto
-451.44 44.19 -467.29 51.49 -469.8 51.62 curveto
-472.32 51.75 -476.14 61.68 -474.66 62.32 curveto closepath stroke
 0 0 0 1 setcmykcolor 0 3.98505 dtransform truncate idtransform setlinewidth pop
newpath -646.12 -152.16 moveto 0 0 rlineto stroke
newpath -660.75 -153.53 moveto 0 0 rlineto stroke
 0 0.84 dtransform truncate idtransform setlinewidth pop
newpath -646.12 -152.16 moveto
-660.75 -153.53 lineto stroke
 1 0.85 0 setrgbcolor 0 3.98505 dtransform truncate idtransform setlinewidth pop
newpath -646.09 -152.18 moveto 0 0 rlineto stroke
newpath -640.41 -151.07 moveto 0 0 rlineto stroke
 0 0.84 dtransform truncate idtransform setlinewidth pop
newpath -646.12 -152.16 moveto
-646.09 -152.18 lineto
-640.41 -151.07 lineto
-660.75 -153.53 lineto stroke
showpage
%%EOF
