%!PS
%%BoundingBox: -302 -128 327 132 
%%HiResBoundingBox: -301.24 -127.76015 326.46 131.92001 
%%Creator: MetaPost 2.11
%%CreationDate: 2025.10.14:2236
%%Pages: 1
%%BeginProlog
%%EndProlog
%%Page: 1 1
 0 0.42001 dtransform truncate idtransform setlinewidth pop [] 0 setdash
 1 setlinecap 1 setlinejoin 10 setmiterlimit
newpath -301.03 -97.76 moveto
-297.3 -99.02 -271.26 -112.68 -267.3 -112.87 curveto
-263.35 -113.05 -257.55 -108.27 -252.86 -107.65 curveto
-248.11 -107.03 -205.02 -119.82 -202.89 -120.63 curveto
-200.77 -121.43 -171.34 -126.49 -167.95 -126.64 curveto
-164.56 -126.79 -161.97 -129.05 -161.83 -125.83 curveto
-161.69 -122.62 -179.35 -107.76 -176.76 -102.65 curveto
-175.13 -99.44 -149.28 -83.41 -144.22 -79.32 curveto
-139.18 -75.24 -104.86 -69.19 -102.02 -64.64 curveto
-99.56 -60.69 -98.99 -55.05 -94.51 -55.61 curveto
-90.2 -56.16 -77.21 -62.89 -73.3 -63.07 curveto stroke
newpath -73.3 -63.07 moveto
-69.53 -63.65 -59.12 -52.97 -57.15 -50.4 curveto
-55.3 -47.97 -47.36 -34.86 -44.48 -34.31 curveto
-41.27 -33.69 -1.67 -44.34 0.53 -41.93 curveto
2.65 -39.6 6.73 -23.27 10.6 -24.54 curveto stroke
newpath 10.6 -24.54 moveto
14.56 -25.09 39.74 -36.17 42.26 -38.35 curveto
44.67 -40.43 69.71 -64.73 70.3 -68.27 curveto
70.89 -71.76 82.69 -101.38 87.86 -108.32 curveto
93.1 -115.33 102.7 -121.54 103.4 -121.93 curveto stroke
newpath 101.07 -103.12 moveto
98.86 -102.36 88.48 -90.41 85.07 -84.41 curveto
83.91 -82.37 82.42 -80.32 82.23 -77.96 curveto
81.77 -72.37 79.62 -71.46 79.79 -65.29 curveto
80.06 -56.11 75.02 -46.95 70.54 -39.32 curveto
69.22 -37.08 60.73 -17.46 50.27 -17.18 curveto stroke
newpath 50.27 -17.18 moveto
39.25 -14.85 21.72 -11.13 18.75 1.78 curveto
15.77 14.75 17.89 21.86 18.22 27.21 curveto
18.69 34.69 15.35 37.8 10.97 41.54 curveto stroke
newpath 10.97 41.54 moveto
8.58 43.68 1.32 48.85 2.22 54.02 curveto
3.66 62.27 19.73 60.43 24.61 62.47 curveto
34.85 66.78 35.3 73.35 39.67 77.53 curveto
47.36 84.87 57.18 72.93 63.93 68.55 curveto stroke
newpath 63.93 68.55 moveto
70.93 65.26 59.24 62.1 58.85 57.05 curveto
58.37 50.81 64.87 45.76 69.28 42.53 curveto stroke
newpath 69.28 42.53 moveto
70.45 41.17 74.28 37.91 75.49 36.63 curveto
82.22 29.48 89.83 25.05 98.97 21.39 curveto stroke
newpath 115.42 26.5 moveto
108.95 32.8 99.89 38.09 96.03 47.52 curveto
95.2 49.54 93.68 51.92 96.42 53.75 curveto
102.88 58.06 115.91 49.07 119.62 46.85 curveto stroke
newpath 134.68 44.57 moveto
134.68 46.24 132.14 55.6 141.92 53.11 curveto stroke
newpath 141.92 53.11 moveto
154.64 49.71 160.93 51.12 161.75 50.98 curveto
167.96 49.91 175.32 50.21 180.52 46.26 curveto
183.29 44.15 187.52 38.77 189.57 36.02 curveto stroke
newpath 189.57 36.02 moveto
192.2 35.07 208.99 35.74 211.47 36.14 curveto
221.43 37.75 230.99 40.68 240.74 42.88 curveto
244.57 43.74 253.96 45.88 255.34 46.04 curveto stroke
newpath 255.34 46.04 moveto
268.04 49.39 277.39 48.06 287.65 45.54 curveto
296.78 43.3 302.42 40.62 303.74 31.94 curveto stroke
newpath 303.74 31.94 moveto
305.19 24.76 302.61 6.49 299.73 2.54 curveto
294.33 -4.87 288.45 -11.58 281.73 -17.78 curveto stroke
newpath 281.73 -17.78 moveto
281.73 -17.78 274.53 -25.12 266.45 -26.77 curveto
258.25 -28.44 252.07 -36.65 246.63 -37.47 curveto
241.2 -38.28 238.2 -39.98 238.58 -46.82 curveto
238.97 -53.74 249.32 -60.17 250.98 -54.4 curveto
252.63 -48.65 255.31 -45.88 262.27 -46.8 curveto
269.3 -47.72 281.57 -43.57 281.87 -42.3 curveto stroke
newpath 281.87 -42.3 moveto
283.86 -38.42 286.88 -37.91 290.38 -35.39 curveto
291.24 -34.77 292.06 -33.37 293.19 -33.83 curveto
298.76 -36.09 296.45 -41.07 294.68 -43.69 curveto
294.13 -44.5 293.18 -45.08 292.76 -45.95 curveto
292 -47.53 291.5 -49.21 291.22 -50.94 curveto
289.4 -62.09 292.84 -74.13 298.26 -82.17 curveto stroke
newpath 298.21 -82.17 moveto
304.75 -89.08 314.43 -93.77 321.08 -90.32 curveto stroke
newpath 321.08 -90.32 moveto
326.25 -88.49 326.37 -85.38 323.27 -80.4 curveto
322.47 -79.12 318.37 -76.83 317.08 -75.69 curveto
313.67 -72.7 309.3 -67.38 314.46 -71.95 curveto stroke
newpath 326.25 -53.85 moveto
318.93 -49.4 316.48 -46.61 316.5 -41.5 curveto
316.5 -39.73 315.25 -32.18 314.85 -26.82 curveto
314.84 -26.79 315.8 -13.19 316.13 -9.13 curveto stroke
newpath 316.13 -9.13 moveto
317.68 -3.62 316.58 2 316.5 7.52 curveto
316.47 9.28 314.3 27.15 311.92 33.67 curveto
310.07 38.76 308.04 44.54 305.92 49.59 curveto stroke
newpath 305.92 49.59 moveto
304.08 53.47 304.05 61.89 297.15 64.88 curveto
290.65 67.7 277.59 71.39 275.13 71.81 curveto
264.16 73.66 247.98 68.47 236.86 66.47 curveto stroke
newpath 236.86 66.47 moveto
224.36 63.59 217.41 60.13 206.16 58.36 curveto
193.46 56.36 194.94 52.07 188.47 57.26 curveto stroke
newpath 188.47 57.26 moveto
183.42 64.8 177.36 71.63 170.03 77.09 curveto
165.51 80.46 152.52 88.88 146.18 91.82 curveto stroke
newpath 146.18 91.82 moveto
142.8 94.25 131.24 101.92 123.46 97.61 curveto
115.15 93.01 109.97 88.55 109.83 85.36 curveto
109.62 80.7 113.6 68.78 111.32 67.22 curveto
105.01 62.93 95.89 64.25 95.11 68.37 curveto
94.71 70.48 90.01 80.65 90.07 82.84 curveto
90.12 84.78 93 88.26 90.12 92.18 curveto stroke
newpath 90.12 92.18 moveto
85.42 103.46 54.88 101.45 38.44 98.96 curveto
35.16 98.47 18.29 93.78 15.62 93.16 curveto
12.04 92.33 8.39 91.83 4.8 91.08 curveto
2.08 90.52 -10 90.86 -12.77 91.98 curveto
-16.12 93.33 -21.46 102.61 -30.96 100.25 curveto stroke
newpath -30.96 100.25 moveto
-32.66 100.13 -56.74 98.21 -67.74 101.85 curveto
-81.02 106.24 -101.53 117.8 -112.45 121.57 curveto
-122.65 125.1 -119.56 128.52 -117.63 131.71 curveto stroke
newpath -177.91 41.07 moveto
-170.49 55.62 -150.77 31.72 -149.03 29.64 curveto stroke
newpath -149.03 29.64 moveto
-147.88 27.76 -110.18 7.69 -110.19 1.02 curveto
-110.21 -6.36 -123.32 -15.44 -122.66 -23.64 curveto
-122.34 -27.71 -113.38 -35.04 -113.09 -38.22 curveto stroke
newpath -113.09 -38.22 moveto
-114.13 -41.76 -115.45 -60.8 -123.95 -61.64 curveto
-132.43 -62.49 -141.33 -67.73 -147.3 -70.42 curveto
-153.29 -73.11 -188.71 -104.14 -187.52 -108.63 curveto
-186.09 -114.02 -171.13 -115.64 -174.2 -118.14 curveto
-178.39 -121.56 -199.32 -116.47 -201.07 -115.86 curveto
-202.82 -115.24 -248.95 -100.17 -253.11 -100.56 curveto
-257.2 -100.95 -260.24 -104.57 -262.41 -104.82 curveto
-264.59 -105.07 -269.34 -98.72 -273.6 -97.25 curveto
-281 -94.7 -297.64 -90.89 -298.52 -90.48 curveto stroke
newpath -74.81 65.38 moveto
-66.11 66.79 -53.52 67.89 -50.59 65.3 curveto
-47.66 62.71 -28.12 48.41 -25.47 44.33 curveto
-22.79 40.19 -2.59 3.9 1.16 -0.03 curveto
4.84 -3.89 28.53 -13.67 24.98 -14.63 curveto
21.11 -15.68 14.27 -17.6 9.87 -17.35 curveto stroke
newpath 9.87 -17.35 moveto
5.61 -16.95 -2.13 -11.95 -20.05 -16.76 curveto
-37.86 -21.54 -36.96 -16.54 -45.86 -19.59 curveto stroke
newpath -45.86 -19.59 moveto
-49.46 -21.92 -61.25 -37.09 -68.88 -38.08 curveto
-76.5 -39.07 -88 -47.26 -92.48 -40.31 curveto
-95.12 -36.22 -97.39 -4.09 -99.32 -0.86 curveto
-101.27 2.4 -114.9 29.79 -116.4 32.42 curveto
-117.89 35.05 -129.82 46.68 -129.62 50.15 curveto stroke
newpath -129.62 50.15 moveto
-129.57 53.84 -130.07 81.19 -121.28 79.09 curveto
-111.8 76.82 -80.34 64.88 -74.81 65.38 curveto stroke
newpath -107.36 -1.48 moveto
-107.92 -1.45 -108.54 -4.02 -107.67 -4.21 curveto
-106.81 -4.39 -105.22 -3.74 -105.42 -2.47 curveto
-105.62 -1.19 -106.79 -1.51 -107.36 -1.48 curveto closepath stroke
newpath -135.68 40.82 moveto
-135.85 38.97 -135.43 36.36 -132.82 36.31 curveto
-130.19 36.25 -128.38 37.53 -128.22 38.3 curveto
-128.06 39.06 -128.32 42.26 -128.87 42.45 curveto
-129.42 42.65 -135.5 42.65 -135.68 40.82 curveto closepath stroke
newpath -160.35 76.75 moveto
-157.01 88.24 -142.27 79.15 -141.64 74.35 curveto
-140.57 66.24 -144.78 51.11 -146.58 51.19 curveto
-148.46 51.27 -174.43 56.54 -160.35 76.75 curveto closepath stroke
showpage
%%EOF
