%!PS
%%BoundingBox: -512 -119 513 104 
%%HiResBoundingBox: -511.99 -118.21 512.70007 103.17442 
%%Creator: MetaPost 2.11
%%CreationDate: 2025.10.14:2236
%%Pages: 1
%%BeginProlog
%%EndProlog
%%Page: 1 1
 0 0 0 1 setcmykcolor 0 1.2 dtransform truncate idtransform setlinewidth pop
 [] 0 setdash 1 setlinecap 1 setlinejoin 10 setmiterlimit
newpath -508.42 87.93 moveto
-506.74 89.11 -483.16 95.24 -475.32 96.99 curveto
-467.47 98.73 -424.33 93.01 -418.32 94.32 curveto
-412.3 95.62 -386.29 93.15 -379.66 92.44 curveto
-373.03 91.72 -346.77 73.74 -345.53 73.31 curveto
-344.29 72.89 -329.94 61.49 -325.76 58.75 curveto
-321.58 56 -315.14 58.36 -309.77 57.71 curveto
-304.4 57.07 -284.2 50.4 -276.67 49.64 curveto
-269.14 48.88 -246.38 53.26 -241.8 54.64 curveto
-237.22 56.02 -224.89 57.34 -223.37 58.89 curveto
-221.84 60.43 -192.43 57.6 -181.9 59.02 curveto
-171.37 60.44 -159.61 57.83 -148.04 58.48 curveto
-136.47 59.13 -128.45 54.01 -116.61 53.02 curveto
-104.76 52.03 -70.01 51.44 -61.49 52.25 curveto
-52.98 53.06 -51.66 57.49 -39.16 62.05 curveto
-26.66 66.62 6.22 74.78 12.1 76.81 curveto
17.97 78.84 18.41 73.59 26.51 69.92 curveto
34.61 66.24 55.36 49.81 67.13 40.53 curveto
78.89 31.25 86.86 28.67 96.06 21.87 curveto
105.25 15.07 115.74 12.35 124.56 12.06 curveto
133.37 11.77 129.79 19 131.14 23.97 curveto
132.48 28.95 144.68 21.09 150.85 21.84 curveto
157.02 22.59 171.03 21.66 177.48 20.96 curveto
183.94 20.25 193.03 -8.71 197.64 -16.88 curveto
202.26 -25.06 224.11 -27.57 230.56 -31.79 curveto
238.05 -36.7 256.06 -40.36 266.99 -41.66 curveto stroke
 0.6 0.4 0 0.1 setcmykcolor 0 0.84 dtransform truncate idtransform setlinewidth pop
newpath -508.43 87.93 moveto
-506.74 89.11 -483.16 95.24 -475.32 96.99 curveto
-467.47 98.73 -424.34 93.01 -418.32 94.32 curveto
-412.3 95.62 -386.29 93.15 -379.66 92.44 curveto
-373.03 91.72 -346.77 73.74 -345.53 73.31 curveto
-344.29 72.89 -329.94 61.49 -325.76 58.75 curveto
-321.58 56 -315.14 58.36 -309.77 57.71 curveto
-304.4 57.07 -284.2 50.4 -276.67 49.64 curveto
-269.14 48.88 -246.38 53.26 -241.8 54.64 curveto
-237.22 56.02 -224.89 57.34 -223.37 58.89 curveto
-221.84 60.43 -192.43 57.6 -181.9 59.02 curveto
-171.37 60.44 -159.61 57.83 -148.04 58.48 curveto
-136.47 59.12 -128.45 54.01 -116.61 53.02 curveto
-104.76 52.03 -70.01 51.44 -61.49 52.25 curveto
-52.98 53.06 -51.66 57.49 -39.16 62.05 curveto
-26.66 66.62 6.22 74.78 12.1 76.81 curveto
17.97 78.84 18.41 73.59 26.51 69.92 curveto
34.61 66.24 55.36 49.81 67.13 40.53 curveto
78.89 31.25 86.86 28.67 96.06 21.87 curveto
105.25 15.07 115.74 12.35 124.56 12.06 curveto
133.37 11.77 129.79 19 131.14 23.97 curveto
132.48 28.95 144.68 21.09 150.85 21.84 curveto
157.02 22.59 171.03 21.66 177.48 20.96 curveto
183.94 20.26 193.03 -8.71 197.64 -16.88 curveto
202.26 -25.06 224.11 -27.57 230.56 -31.79 curveto
238.05 -36.7 256.06 -40.36 266.98 -41.66 curveto stroke
 0 0.9 0.9 0.2 setcmykcolor
newpath -508.43 87.94 moveto
-506.74 89.11 -483.16 95.24 -475.32 96.99 curveto
-467.47 98.73 -424.34 93.01 -418.32 94.31 curveto
-412.3 95.62 -386.3 93.15 -379.66 92.44 curveto
-373.03 91.72 -346.77 73.74 -345.53 73.32 curveto
-344.29 72.89 -329.94 61.49 -325.76 58.74 curveto
-321.58 56 -315.14 58.36 -309.77 57.71 curveto
-304.4 57.07 -284.2 50.4 -276.67 49.64 curveto
-269.14 48.88 -246.38 53.26 -241.8 54.64 curveto
-237.22 56.01 -224.89 57.34 -223.37 58.88 curveto
-221.84 60.42 -192.43 57.6 -181.9 59.02 curveto
-171.37 60.44 -159.61 57.83 -148.04 58.48 curveto
-136.47 59.12 -128.45 54.01 -116.61 53.02 curveto
-104.76 52.03 -70.01 51.44 -61.49 52.25 curveto
-52.98 53.06 -51.66 57.49 -39.16 62.06 curveto
-26.66 66.62 6.22 74.78 12.1 76.81 curveto
17.98 78.84 18.42 73.59 26.51 69.92 curveto
34.61 66.24 55.37 49.81 67.13 40.54 curveto
78.89 31.26 86.87 28.67 96.06 21.87 curveto
105.25 15.07 115.74 12.35 124.56 12.06 curveto
133.37 11.77 129.79 18.99 131.14 23.97 curveto
132.49 28.94 144.69 21.09 150.85 21.84 curveto
157.02 22.59 171.03 21.67 177.48 20.96 curveto
183.94 20.26 193.03 -8.71 197.64 -16.88 curveto
202.25 -25.06 224.11 -27.57 230.56 -31.79 curveto
238.05 -36.7 256.06 -40.36 266.98 -41.66 curveto stroke
 0.83 0.54 0 0 setcmykcolor 0 0.42001
 dtransform truncate idtransform setlinewidth pop
newpath 86.97 -57.32 moveto
85.05356 -58.63132 82.50362 -58.7756 80.9033 -57.19487 curveto
79.2754 -55.58687 76.67725 -55.61754 74.83994 -57.05199 curveto
72.84341 -58.61072 70.04921 -58.8057 68.77542 -56.89626 curveto
67.50343 -54.9895 64.71541 -55.18423 62.71391 -56.72945 curveto
60.22462 -58.65126 57.06145 -58.74573 56.64734 -56.55226 curveto
56.09685 -53.6364 51.82877 -53.25406 50.58376 -56.36546 curveto
49.75499 -58.43665 46.87068 -57.71283 44.5224 -56.16942 curveto
42.23375 -54.6652 39.39719 -53.93823 38.45789 -55.96419 curveto
37.51115 -58.0062 34.57935 -57.51324 32.39787 -55.75021 curveto
30.45444 -54.17955 27.74146 -53.746 26.33699 -55.5274 curveto
24.94133 -57.29764 22.25789 -56.79631 20.26901 -55.2956 curveto
18.3547 -53.85114 15.75473 -53.4207 14.21437 -55.05559 curveto
12.47278 -56.90405 9.51526 -56.83318 8.14966 -54.80646 curveto
6.79285 -52.79279 3.85457 -52.72859 2.09084 -54.54883 curveto
0.39304 -56.30101 -2.45361 -56.18176 -3.9733 -54.28217 curveto
-5.54181 -52.32153 -8.4614 -52.14421 -10.03337 -54.0068 curveto
-11.62865 -55.89699 -14.58931 -55.73813 -16.09048 -53.72264 curveto
-17.41655 -51.94226 -19.92331 -53.05211 -22.14809 -53.42938 curveto
-24.7988 -53.87888 -28.06134 -55.67229 -28.2117 -53.12662 curveto
-28.37415 -50.3762 -32.61899 -49.56114 -34.26187 -52.81523 curveto
-35.59995 -55.46559 -39.41234 -55.2212 -40.32446 -52.4937 curveto
-41.21033 -49.84473 -44.93623 -49.56946 -46.38206 -52.16278 curveto
-47.4843 -54.13982 -50.37236 -53.61581 -52.43575 -51.82225 curveto
-54.45108 -50.07047 -57.2953 -49.54411 -58.49672 -51.47125 curveto
-59.74774 -53.47795 -62.76778 -53.16551 -64.54903 -51.1105 curveto
-66.18602 -49.22192 -69.03003 -48.95183 -70.60515 -50.73903 curveto
-72.48126 -52.86772 -75.74236 -52.65881 -76.65933 -50.35692 curveto
-77.59845 -47.99942 -80.92763 -47.75662 -82.71564 -49.96365 curveto
-84.42445 -52.07295 -87.6581 -51.8603 -88.75923 -49.55992 curveto
-89.72139 -47.54988 -92.48842 -48.04845 -94.81413 -49.14381 curveto
-97.53476 -50.42519 -100.60448 -50.94202 -100.86604 -48.71597 curveto
-101.22458 -45.6647 -105.6557 -45.08994 -106.92014 -48.27562 curveto
-107.75298 -50.3739 -110.55243 -49.17006 -112.96222 -47.82347 curveto
-114.82796 -46.7809 -117.05879 -46.51575 -119.01744 -47.35722 curveto
-121.0322 -48.2228 -123.37862 -48.2421 -125.06195 -46.87827 curveto
-127.09642 -45.22993 -129.84457 -44.5281 -131.11131 -46.38487 curveto
-132.52313 -48.45428 -135.69846 -48.16801 -137.15157 -45.87773 curveto
-138.55904 -43.65938 -141.66019 -43.36697 -143.19835 -45.35495 curveto
-144.65149 -47.23303 -147.58179 -46.84071 -149.23767 -44.81718 curveto
-150.62431 -43.12267 -153.12523 -43.44379 -155.27525 -44.2633 curveto
-157.40404 -45.07472 -159.87547 -45.33627 -161.31668 -43.6921 curveto
-162.759 -42.04665 -165.23158 -42.28307 -167.35767 -43.1032 curveto
-169.44736 -43.90929 -171.86629 -44.04901 -173.39372 -42.49626 curveto
-175.2342 -40.62526 -178.0487 -40.03944 -179.4204 -41.87093 curveto
-180.85385 -43.78488 -183.84377 -43.35347 -185.4523 -41.22475 curveto
-187.18872 -38.9268 -190.32137 -38.50224 -191.48434 -40.55717 curveto
-192.60443 -42.53633 -195.55669 -41.91687 -197.51135 -39.86766 curveto
-199.30518 -37.98706 -202.0949 -37.37044 -203.53728 -39.15451 curveto
-204.97052 -40.92729 -207.73299 -40.26358 -209.55627 -38.4171 curveto
-211.20915 -36.7432 -213.77379 -36.25685 -215.57149 -37.65355 curveto
-217.76926 -39.36107 -220.83102 -39.09035 -221.58537 -36.86188 curveto
-222.54178 -34.03651 -226.24872 -33.61357 -227.59969 -36.03993 curveto
-229.45224 -39.36714 -233.83392 -38.02734 -233.60643 -35.18674 curveto
-233.43037 -32.98854 -236.62746 -32.81758 -239.60597 -34.2999 curveto
-241.6455 -35.31488 -244.13081 -35.06674 -245.59766 -33.37694 curveto
-247.45981 -31.23175 -250.38806 -30.48177 -251.5881 -32.41379 curveto
-252.85754 -34.45753 -256.0647 -33.91223 -257.5738 -31.40746 curveto
-258.70549 -29.52913 -261.28058 -29.92361 -263.5498 -30.3548 curveto
-265.73674 -30.77036 -268.17357 -30.95198 -269.50952 -29.25238 curveto
-271.08778 -27.2445 -273.81593 -26.47414 -275.46758 -28.09203 curveto
-277.4114 -29.99612 -280.62273 -29.33218 -281.40417 -26.87106 curveto
-282.0783 -24.74794 -284.88052 -24.8483 -287.33403 -25.57863 curveto
-289.52899 -26.232 -292.01387 -26.03418 -293.24428 -24.20782 curveto
-294.4751 -22.38087 -296.94092 -22.10852 -299.13078 -22.74783 curveto
-301.66965 -23.48903 -304.52661 -23.36794 -304.98828 -21.18497 curveto
-305.56015 -18.48091 -308.91489 -17.51402 -310.81941 -19.49889 curveto
-312.75043 -21.51135 -316.1565 -20.43834 -316.59924 -17.6708 curveto
-317.0413 -14.9076 -320.36084 -13.76112 -322.32852 -15.66452 curveto
-323.98451 -17.2664 -326.72935 -15.96442 -327.9692 -13.44142 curveto
-328.92787 -11.49057 -331.25797 -10.85823 -333.48973 -10.93541 curveto
-335.96288 -11.02094 -338.56387 -10.25615 -338.82515 -8.04512 curveto
-339.1865 -4.98744 -341.96266 -3.15839 -343.82152 -4.61726 curveto
-346.6515 -6.83832 -350.31186 -3.2237 -348.15205 -0.388 curveto
-346.62607 1.61554 -349.98871 2.9726 -350.98 4.93 curveto
-350.98 4.93 lineto stroke
newpath -347.38011 3.18628 moveto
-348.44957 3.77695 -350.03241 4.11665 -350.98 4.93 curveto
-350.98 4.93 lineto
-350.98 4.93 lineto
-350.8851 3.68483 -350.00609 2.32538 -349.66756 1.15146 curveto
 closepath stroke
newpath -347.38011 3.18628 moveto
-348.44957 3.77695 -350.03241 4.11665 -350.98 4.93 curveto
-350.98 4.93 lineto
-350.98 4.93 lineto
-350.8851 3.68483 -350.00609 2.32538 -349.66756 1.15146 curveto
 closepath fill
 0 0 0 1 setcmykcolor 0 1.2 dtransform truncate idtransform setlinewidth pop
newpath 275.66 -34.55 moveto
271.53 -34.15 248.01 -28.94 237.81 -20.82 curveto
227.61 -12.71 186.54 25.16 183.76 27.11 curveto
180.98 29.06 144.83 37.3 136.43 38.83 curveto
128.04 40.36 122.52 34.88 116.48 33.04 curveto
110.43 31.2 88.72 36.5 83.49 39.84 curveto
78.26 43.18 49.27 64.02 28.93 78.08 curveto
8.59 92.14 -46.99 67.34 -54.76 67.03 curveto
-62.52 66.72 -81.44 60.16 -99.02 58.39 curveto
-116.59 56.62 -131.72 60.31 -140.51 64.57 curveto
-149.29 68.82 -203.34 65.93 -214.91 65.46 curveto
-226.47 65 -258.92 58.07 -271.28 56.21 curveto
-283.63 54.34 -288.94 56.24 -294.21 58.87 curveto
-299.48 61.49 -303.41 62.06 -314.95 61.95 curveto
-326.5 61.85 -336.91 72.67 -342.46 76.75 curveto
-348.01 80.84 -374.74 100.29 -383.48 102.02 curveto
-392.22 103.74 -473.67 100.87 -481.58 101.29 curveto
-489.49 101.71 -504.6 98.91 -511.39 96.56 curveto stroke
 0.6 0.4 0 0.1 setcmykcolor 0 0.84 dtransform truncate idtransform setlinewidth pop
newpath 275.66 -34.55 moveto
271.53 -34.15 248.01 -28.94 237.81 -20.82 curveto
227.61 -12.71 186.54 25.16 183.76 27.11 curveto
180.98 29.06 144.83 37.3 136.43 38.83 curveto
128.04 40.36 122.52 34.88 116.48 33.04 curveto
110.43 31.2 88.72 36.5 83.49 39.84 curveto
78.26 43.19 49.27 64.02 28.93 78.08 curveto
8.59 92.14 -46.99 67.34 -54.76 67.03 curveto
-62.52 66.72 -81.44 60.16 -99.02 58.39 curveto
-116.59 56.62 -131.72 60.31 -140.51 64.57 curveto
-149.29 68.82 -203.34 65.93 -214.91 65.46 curveto
-226.47 65 -258.92 58.07 -271.28 56.21 curveto
-283.63 54.34 -288.94 56.24 -294.21 58.87 curveto
-299.48 61.49 -303.41 62.06 -314.95 61.95 curveto
-326.5 61.85 -336.91 72.67 -342.46 76.75 curveto
-348.01 80.84 -374.74 100.29 -383.48 102.02 curveto
-392.22 103.74 -473.67 100.87 -481.58 101.29 curveto
-489.49 101.71 -504.6 98.91 -511.39 96.56 curveto stroke
 0 0.9 0.9 0.2 setcmykcolor
newpath 275.65 -34.56 moveto
271.53 -34.16 248.01 -28.94 237.81 -20.82 curveto
227.61 -12.71 186.54 25.17 183.76 27.12 curveto
180.98 29.07 144.83 37.3 136.44 38.83 curveto
128.05 40.36 122.53 34.88 116.48 33.04 curveto
110.43 31.2 88.73 36.5 83.5 39.84 curveto
78.27 43.19 49.27 64.02 28.93 78.08 curveto
8.59 92.14 -46.99 67.34 -54.75 67.03 curveto
-62.52 66.72 -81.44 60.16 -99.02 58.39 curveto
-116.6 56.62 -131.72 60.31 -140.51 64.57 curveto
-149.29 68.82 -203.34 65.93 -214.9 65.46 curveto
-226.47 65 -258.92 58.07 -271.28 56.21 curveto
-283.63 54.34 -288.94 56.24 -294.21 58.87 curveto
-299.48 61.49 -303.41 62.06 -314.95 61.95 curveto
-326.49 61.85 -336.91 72.68 -342.46 76.76 curveto
-348.02 80.84 -374.74 100.29 -383.48 102.01 curveto
-392.22 103.74 -473.67 100.87 -481.58 101.29 curveto
-489.49 101.71 -504.6 98.91 -511.39 96.57 curveto stroke
 0 0 0 1 setcmykcolor 0 0.6 dtransform truncate idtransform setlinewidth pop
newpath -402.84 100.61996 moveto
-390.84 100.61996 lineto stroke
newpath -400.44003 100.61996 moveto
-399.2167 97.25894 -394.46329 97.25894 -393.23996 100.61996 curveto stroke
 0 1.99252 dtransform truncate idtransform setlinewidth pop
newpath -396.84 98.22 moveto 0 0 rlineto stroke
 0.6 0.4 0 0.1 setcmykcolor
newpath -396.84 98.22 moveto 0 0 rlineto stroke
 0 0.9 0.9 0.2 setcmykcolor
newpath -396.84 98.22 moveto 0 0 rlineto stroke
 0 0 0 1 setcmykcolor 0 1.2 dtransform truncate idtransform setlinewidth pop
newpath 266.99 -41.66 moveto
266.99 -41.66 297.52 -57.35 306.01 -60.33 curveto
314.5 -63.3 350.91 -80.38 333.76 -77.48 curveto
316.6 -74.59 316.41 -74.76 312.65 -70.95 curveto
308.89 -67.15 295.63 -55.45 290.31 -57.33 curveto
284.98 -59.2 286.65 -71.73 282.34 -71.5 curveto
278.02 -71.28 238.47 -42.31 232.26 -40.54 curveto
226.04 -38.77 199.37 -38.61 191.44 -38.73 curveto
183.5 -38.84 171.47 -34.6 164.55 -35.85 curveto
157.63 -37.1 112.34 -44.79 105.28 -45.31 curveto stroke
 0.6 0.4 0 0.1 setcmykcolor 0 0.84 dtransform truncate idtransform setlinewidth pop
newpath 266.98 -41.66 moveto
266.98 -41.66 297.52 -57.35 306.01 -60.33 curveto
314.5 -63.3 350.91 -80.38 333.76 -77.48 curveto
316.6 -74.59 316.41 -74.76 312.65 -70.95 curveto
308.89 -67.15 295.63 -55.45 290.31 -57.33 curveto
284.98 -59.2 286.65 -71.73 282.34 -71.5 curveto
278.02 -71.28 238.47 -42.31 232.26 -40.54 curveto
226.04 -38.77 199.37 -38.61 191.44 -38.73 curveto
183.5 -38.84 171.47 -34.6 164.55 -35.85 curveto
157.63 -37.1 112.34 -44.79 105.28 -45.31 curveto stroke
 0 0.9 0.9 0.2 setcmykcolor
newpath 266.98 -41.66 moveto
266.98 -41.66 297.51 -57.35 306.01 -60.33 curveto
314.5 -63.3 350.9 -80.38 333.75 -77.48 curveto
316.6 -74.59 316.41 -74.76 312.65 -70.95 curveto
308.89 -67.15 295.63 -55.45 290.3 -57.33 curveto
284.98 -59.21 286.65 -71.73 282.34 -71.5 curveto
278.02 -71.27 238.47 -42.31 232.25 -40.54 curveto
226.04 -38.76 199.37 -38.61 191.43 -38.72 curveto
183.49 -38.84 171.46 -34.6 164.55 -35.85 curveto
157.63 -37.11 112.34 -44.79 105.28 -45.31 curveto stroke
 0.83 0.54 0 0 setcmykcolor 0 0.42001
 dtransform truncate idtransform setlinewidth pop
newpath 369.07 -108.21 moveto
368.11798 -106.0818 369.42268 -103.68042 371.6297 -102.61298 curveto
374.06879 -101.43329 374.93045 -98.43478 373.20207 -96.66672 curveto
371.4626 -94.88731 371.28758 -92.0769 373.09457 -90.54247 curveto
375.47672 -88.51962 373.42331 -84.47552 370.0815 -85.28064 curveto
367.90585 -85.80481 365.79396 -84.45045 364.67542 -82.4421 curveto
363.17798 -79.75346 359.90962 -79.05959 358.6605 -81.11403 curveto
357.4135 -83.16501 354.18475 -82.52335 352.612 -79.94214 curveto
351.44409 -78.02536 348.78883 -78.24036 346.51408 -79.07796 curveto
344.58313 -79.78897 342.37546 -79.00307 340.48 -79.82 curveto
340.48 -79.82 lineto stroke
newpath 343.99734 -77.91513 moveto
342.76305 -78.46172 341.42636 -78.84627 340.48 -79.82 curveto
340.48 -79.82 lineto
340.48 -79.82 lineto
341.8377 -79.80067 343.0548 -80.47395 344.31406 -80.96027 curveto
 closepath stroke
newpath 343.99734 -77.91513 moveto
342.76305 -78.46172 341.42636 -78.84627 340.48 -79.82 curveto
340.48 -79.82 lineto
340.48 -79.82 lineto
341.8377 -79.80067 343.0548 -80.47395 344.31406 -80.96027 curveto
 closepath fill
newpath 284.61 -76.13 moveto
281.92589 -76.96391 278.95204 -76.6957 278.68742 -74.44194 curveto
278.2798 -70.97006 274.55522 -69.7248 273.0591 -71.84149 curveto
271.50183 -74.04468 267.57227 -72.64716 267.53242 -69.03049 curveto
267.50731 -66.75081 264.71169 -66.01157 262.05539 -66.12305 curveto
259.80797 -66.21736 257.63908 -65.1471 256.60373 -63.1666 curveto
255.51852 -61.09073 253.38379 -59.6764 251.16476 -60.19093 curveto
248.67667 -60.76784 246.08156 -59.56587 245.7227 -57.21683 curveto
245.26671 -54.23203 242.21135 -52.64981 240.26738 -54.27011 curveto
238.08781 -56.08678 234.72122 -54.38802 234.77852 -51.38426 curveto
234.82603 -48.89375 231.87079 -47.45464 229.22443 -48.62901 curveto
227.11104 -49.56686 224.74474 -48.32008 223.50694 -46.23735 curveto
221.8945 -43.5242 218.34969 -43.35512 217.37155 -45.67003 curveto
216.3616 -48.0602 212.94313 -48.22394 211.17513 -45.90898 curveto
209.64886 -43.91054 206.5597 -44.15248 204.98622 -46.29102 curveto
203.39697 -48.451 200.3052 -48.74527 198.80272 -46.74971 curveto
196.85388 -44.16132 193.15173 -44.69604 192.62262 -47.26228 curveto
192.13872 -49.60927 188.77579 -49.96222 186.44705 -47.82056 curveto
184.42226 -45.95842 181.29497 -46.18059 180.27632 -48.4285 curveto
179.24358 -50.70752 176.29845 -48.79263 174.12 -49.16 curveto
174.12 -49.16 lineto stroke
newpath 177.94925 -48.00377 moveto
176.77133 -48.41225 175.18819 -48.49065 174.12 -49.16 curveto
174.12 -49.16 lineto
174.12 -49.16 lineto
175.34862 -49.44203 176.5235 -50.50609 177.64523 -51.05016 curveto
 closepath stroke
newpath 177.94925 -48.00377 moveto
176.77133 -48.41225 175.18819 -48.49065 174.12 -49.16 curveto
174.12 -49.16 lineto
174.12 -49.16 lineto
175.34862 -49.44203 176.5235 -50.50609 177.64523 -51.05016 curveto
 closepath fill
 0 0 0 1 setcmykcolor 0 0.6 dtransform truncate idtransform setlinewidth pop
newpath 501.11993 -57.56004 moveto
501.11993 -55.95995 503.52008 -55.95995 503.52008 -57.56004 curveto
503.52008 -58.67703 502.32 -59.44305 502.32 -60.56004 curveto stroke
 0 1.44 dtransform truncate idtransform setlinewidth pop
newpath 502.32 -62.35997 moveto 0 0 rlineto stroke
 0 1.99252 dtransform truncate idtransform setlinewidth pop
newpath 502.32 -59.96 moveto 0 0 rlineto stroke
 0.6 0.4 0 0.1 setcmykcolor
newpath 502.32 -59.96 moveto 0 0 rlineto stroke
 0 0.9 0.9 0.2 setcmykcolor
newpath 502.32 -59.96 moveto 0 0 rlineto stroke
 0 0 0 1 setcmykcolor 0 0.6 dtransform truncate idtransform setlinewidth pop
newpath 509.99992 -87.23004 moveto
509.99992 -85.62994 512.40007 -85.62994 512.40007 -87.23004 curveto
512.40007 -88.34703 511.2 -89.11305 511.2 -90.23004 curveto stroke
 0 1.44 dtransform truncate idtransform setlinewidth pop
newpath 511.2 -92.02997 moveto 0 0 rlineto stroke
 0 1.99252 dtransform truncate idtransform setlinewidth pop
newpath 511.2 -89.63 moveto 0 0 rlineto stroke
 0.6 0.4 0 0.1 setcmykcolor
newpath 511.2 -89.63 moveto 0 0 rlineto stroke
 0 0.9 0.9 0.2 setcmykcolor
newpath 511.2 -89.63 moveto 0 0 rlineto stroke
 0 0 0 1 setcmykcolor 0 0.6 dtransform truncate idtransform setlinewidth pop
newpath 375.67993 -87.66003 moveto
375.67993 -86.05994 378.08008 -86.05994 378.08008 -87.66003 curveto
378.08008 -88.77702 376.88 -89.54305 376.88 -90.66003 curveto stroke
 0 1.44 dtransform truncate idtransform setlinewidth pop
newpath 376.88 -92.45996 moveto 0 0 rlineto stroke
 0 1.99252 dtransform truncate idtransform setlinewidth pop
newpath 376.88 -90.06 moveto 0 0 rlineto stroke
 0.6 0.4 0 0.1 setcmykcolor
newpath 376.88 -90.06 moveto 0 0 rlineto stroke
 0 0.9 0.9 0.2 setcmykcolor
newpath 376.89 -90.05 moveto 0 0 rlineto stroke
 0 0 0 1 setcmykcolor 0 1.2 dtransform truncate idtransform setlinewidth pop
newpath 108.86 -62.81 moveto
123.53 -64.85 176.79 -59.94 182.63 -58.44 curveto
188.48 -56.95 208.14 -46.65 218.85 -51.9 curveto
229.57 -57.16 274.6 -81.37 280.6 -83.85 curveto
286.59 -86.33 290.66 -77.72 295.46 -79.05 curveto
300.25 -80.39 312.44 -88.42 316.5 -90.08 curveto
320.55 -91.74 339.34 -84.27 346.22 -83.73 curveto
353.1 -83.2 366.43 -90.04 365.47 -94.49 curveto
364.51 -98.95 360.94 -111.92 358.72 -116.48 curveto stroke
 0.6 0.4 0 0.1 setcmykcolor 0 0.84 dtransform truncate idtransform setlinewidth pop
newpath 108.86 -62.81 moveto
123.53 -64.85 176.79 -59.94 182.63 -58.44 curveto
188.48 -56.95 208.14 -46.65 218.85 -51.9 curveto
229.57 -57.16 274.6 -81.37 280.6 -83.85 curveto
286.59 -86.33 290.66 -77.72 295.46 -79.05 curveto
300.25 -80.39 312.44 -88.42 316.5 -90.08 curveto
320.55 -91.74 339.34 -84.27 346.22 -83.73 curveto
353.1 -83.2 366.43 -90.04 365.47 -94.5 curveto
364.51 -98.95 360.94 -111.92 358.71 -116.49 curveto stroke
 0 0.9 0.9 0.2 setcmykcolor
newpath 108.86 -62.81 moveto
123.53 -64.85 176.78 -59.94 182.63 -58.44 curveto
188.48 -56.95 208.13 -46.64 218.85 -51.9 curveto
229.57 -57.16 274.6 -81.37 280.6 -83.85 curveto
286.6 -86.33 290.66 -77.71 295.46 -79.05 curveto
300.25 -80.39 312.44 -88.43 316.5 -90.08 curveto
320.56 -91.74 339.34 -84.27 346.22 -83.74 curveto
353.1 -83.2 366.43 -90.04 365.47 -94.49 curveto
364.52 -98.95 360.94 -111.92 358.72 -116.49 curveto stroke
 0 0 0 1 setcmykcolor 0 1.2 dtransform truncate idtransform setlinewidth pop
newpath 373.08 -117.61 moveto
374.92 -113.38 377.15 -98.54 382.69 -99.56 curveto
388.22 -100.57 406.92 -111.66 412.75 -113.96 curveto
418.57 -116.25 431.62 -108.29 439.37 -108.16 curveto
447.13 -108.03 478.75 -99.8 482.45 -94.59 curveto
486.16 -89.38 499.96 -70.47 506.81 -67.05 curveto stroke
 0.6 0.4 0 0.1 setcmykcolor 0 0.84 dtransform truncate idtransform setlinewidth pop
newpath 373.07 -117.61 moveto
374.92 -113.39 377.15 -98.54 382.69 -99.56 curveto
388.22 -100.57 406.92 -111.66 412.75 -113.96 curveto
418.57 -116.25 431.62 -108.29 439.37 -108.16 curveto
447.13 -108.04 478.75 -99.8 482.45 -94.59 curveto
486.16 -89.38 499.96 -70.47 506.81 -67.05 curveto stroke
 0 0.9 0.9 0.2 setcmykcolor
newpath 373.08 -117.61 moveto
374.92 -113.38 377.16 -98.54 382.69 -99.56 curveto
388.22 -100.57 406.92 -111.66 412.75 -113.95 curveto
418.57 -116.25 431.61 -108.29 439.37 -108.16 curveto
447.13 -108.03 478.75 -99.8 482.45 -94.59 curveto
486.16 -89.38 499.96 -70.47 506.81 -67.05 curveto stroke
 0 0 0 1 setcmykcolor 0 1.2 dtransform truncate idtransform setlinewidth pop
newpath 496.5 -57.49 moveto
488.49 -62.47 444.61 -77.44 439.32 -78.6 curveto
434.03 -79.76 427.5 -83.92 417.63 -83.21 curveto
407.75 -82.51 402.05 -81.3 393.17 -78.84 curveto
384.28 -76.39 370.89 -70.63 361 -66.86 curveto
351.11 -63.08 326.55 -57.09 312.46 -50.93 curveto
298.36 -44.78 279.03 -35.46 275.66 -34.55 curveto stroke
 0.6 0.4 0 0.1 setcmykcolor 0 0.84 dtransform truncate idtransform setlinewidth pop
newpath 496.5 -57.49 moveto
488.49 -62.47 444.61 -77.44 439.32 -78.6 curveto
434.03 -79.76 427.5 -83.92 417.63 -83.21 curveto
407.75 -82.51 402.05 -81.3 393.17 -78.84 curveto
384.28 -76.39 370.89 -70.63 361 -66.86 curveto
351.11 -63.08 326.55 -57.09 312.46 -50.93 curveto
298.36 -44.78 279.03 -35.46 275.66 -34.55 curveto stroke
 0 0.9 0.9 0.2 setcmykcolor
newpath 496.51 -57.49 moveto
488.49 -62.47 444.61 -77.44 439.32 -78.6 curveto
434.03 -79.76 427.5 -83.92 417.63 -83.21 curveto
407.75 -82.5 402.05 -81.3 393.16 -78.84 curveto
384.28 -76.39 370.89 -70.63 361 -66.86 curveto
351.1 -63.09 326.55 -57.09 312.45 -50.93 curveto
298.36 -44.78 279.03 -35.46 275.65 -34.56 curveto stroke
 0 0 0 1 setcmykcolor 0 3.98505 dtransform truncate idtransform setlinewidth pop
newpath 232.26 -40.54 moveto 0 0 rlineto stroke
newpath 230.56 -31.79 moveto 0 0 rlineto stroke
 0 0.84 dtransform truncate idtransform setlinewidth pop
newpath 232.26 -40.54 moveto
230.56 -31.79 lineto stroke
 1 0.85 0 setrgbcolor 0 3.98505 dtransform truncate idtransform setlinewidth pop
newpath 232.25 -40.54 moveto 0 0 rlineto stroke
newpath 230.56 -31.79 moveto 0 0 rlineto stroke
 0 0.84 dtransform truncate idtransform setlinewidth pop
newpath 232.26 -40.54 moveto
232.25 -40.54 lineto
230.56 -31.79 lineto
230.56 -31.79 lineto stroke
showpage
%%EOF
