%!PS
%%BoundingBox: -669 -235 665 222 
%%HiResBoundingBox: -668.17001 -234.59975 664.42001 221.94 
%%Creator: MetaPost 2.11
%%CreationDate: 2025.10.14:2236
%%Pages: 1
%%BeginProlog
%%EndProlog
%%Page: 1 1
 0 0.42001 dtransform truncate idtransform setlinewidth pop [] 0 setdash
 1 setlinecap 1 setlinejoin 10 setmiterlimit
newpath -667.73 205.51 moveto
-667.73 205.51 -661.6 202.41 -658.57 201.42 curveto
-655.8 200.53 -620.65 183.46 -617.78 180.5 curveto
-614.9 177.52 -600.68 173.63 -594.57 170.86 curveto
-588.59 168.15 -575.32 165.56 -572.19 163.04 curveto
-569.13 160.56 -570.65 156.65 -565.48 150.06 curveto
-560.31 143.45 -549.27 146.19 -545.6 141.18 curveto
-541.89 136.12 -535.2 120.27 -529.28 116.9 curveto
-523.42 113.55 -523.46 113.01 -519.91 111.73 curveto
-516.38 110.46 -509.26 105.21 -505.05 102.1 curveto
-500.84 98.99 -454.02 79.56 -449.26 78.21 curveto
-444.52 76.87 -411.66 64.09 -405.77 60.37 curveto
-399.86 56.64 -397.49 57.05 -394.23 54.01 curveto
-390.97 50.97 -387.17 47.72 -384.59 45.43 curveto
-382.01 43.15 -376.32 38.58 -372.83 36.96 curveto
-369.34 35.35 -348.36 30.03 -343.92 28.74 curveto
-329.5 24.54 -313.76 21.26 -300.99 13.11 curveto
-297.6 10.22 -270.04 -16.29 -265.42 -20.14 curveto
-260.8 -23.99 -252.95 -31.26 -249.82 -33.23 curveto
-246.71 -35.18 -246.92 -35.71 -242.01 -37.4 curveto
-237.11 -39.09 -233.57 -39.62 -230.59 -40.49 curveto
-227.61 -41.35 -229.06 -35.19 -229.92 -34.61 curveto
-230.77 -34.03 -232.33 -33.06 -227.82 -31.85 curveto
-223.32 -30.65 -219.41 -30.67 -216.4 -30.82 curveto
-213.38 -30.97 -209.27 -30.64 -203.76 -30.91 curveto
-198.25 -31.18 -189.57 -31.78 -186.43 -32.67 curveto
-183.3 -33.56 -176.92 -37 -169.38 -45.33 curveto
-161.83 -53.67 -113.87 -102.15 -107.76 -105.19 curveto
-101.24 -108.44 -76.13 -116.52 -73.37 -118.45 curveto
-64.47 -127.09 -55.65 -133.05 -43.93 -137.53 curveto
-41.07 -138.62 -26.47 -151.61 -23.1 -155.39 curveto
-19.73 -159.16 -18.59 -160.86 -16.17 -162.59 curveto
-6.77 -169.33 -10.51 -170.88 1.05 -178.46 curveto
5.54 -181.4 8.98 -183.95 12.78 -187.23 curveto
16.6 -190.52 19.08 -191.68 21.17 -192.65 curveto
25.24 -194.55 30.35 -187.76 32.92 -191.84 curveto
37.57 -199.21 41.69 -206.65 44.22 -214.98 curveto
44.78 -216.83 47.6 -221.12 50.62 -224.54 curveto
53.64 -227.96 62.76 -234.98 64.58 -234.35 curveto
66.41 -233.73 67.69 -232.62 69.12 -229.91 curveto
73.59 -221.49 71.04 -224.31 72.09 -210.75 curveto
72.02 -208.22 72.66 -210.23 71.96 -205.34 curveto
71.27 -200.45 70.41 -177.37 70.41 -177.37 curveto
70.41 -177.37 70.15 -174.49 73.04 -176.43 curveto
75.99 -178.42 73.89 -177.38 78.18 -181.77 curveto
82.47 -186.15 91.2 -195.65 92.63 -195.9 curveto
94.06 -196.15 105.96 -196.2 109.56 -196.38 curveto
113.16 -196.56 121.36 -198.41 124.46 -197.84 curveto
127.55 -197.28 129.38 -196.65 130.85 -196.01 curveto
132.33 -195.36 141.39 -190.6 151.76 -188.6 curveto
162.13 -186.61 161.39 -186.93 169.13 -183.72 curveto
176.86 -180.51 176.29 -181.2 182.22 -178.08 curveto
188.15 -174.96 198.47 -170.62 203 -170.13 curveto
207.54 -169.64 242.89 -157.71 247.89 -155.08 curveto
252.88 -152.45 255.46 -151.13 259.06 -147.9 curveto
262.65 -144.67 262.51 -144.13 265.47 -142.66 curveto
268.44 -141.2 279.19 -136.02 282.32 -134.93 curveto
285.45 -133.84 286.95 -132.84 289.9 -131.73 curveto
292.85 -130.63 314.74 -128.84 326.17 -127.26 curveto
337.59 -125.68 348.5 -123.63 354.79 -123.85 curveto
401.55 -125.48 384.78 -114.97 419.5 -113.61 curveto
422.38 -113.5 429.15 -115.18 430.76 -118.87 curveto
432.37 -122.55 438.06 -134.38 438.54 -135.66 curveto stroke
newpath 440.38 -134.86 moveto
440.38 -134.86 436.4 -114.26 442 -110.43 curveto
445.92 -107.75 465.97 -106.44 465.97 -106.44 curveto
465.97 -106.44 493.99 -107.87 510.65 -106.21 curveto
527.31 -104.54 526.6 -104.32 534.08 -102.72 curveto
552.47 -98.78 576.86 -97.32 585.18 -94.34 curveto
591.79 -91.98 593.47 -90.8 596.74 -90.25 curveto
606.71 -88.55 609.56 -86.27 621.44 -82.84 curveto
626.34 -80.81 650.24 -79.09 653.9 -78.88 curveto
658.96 -78.6 662.77 -78.07 664.21 -78.14 curveto stroke
newpath 657.41 -66.44 moveto
657.41 -66.44 656.75 -65.33 645.54 -66.03 curveto
634.33 -66.72 632.56 -66.09 626.33 -68.12 curveto
622.27 -69.45 604.47 -76.91 600.9 -79.1 curveto
597.93 -80.94 587.31 -84.36 581.02 -84.04 curveto
574.72 -83.72 575.95 -84.49 550.17 -84.26 curveto
533.23 -84.12 531.51 -82.61 524.31 -82.22 curveto
515.4 -81.74 506.46 -81.66 497.61 -82.83 curveto
485.41 -84.46 468.09 -83.41 455.45 -86.98 curveto
447.87 -89.11 432.75 -90.43 431.51 -86.65 curveto
430.73 -84.27 439.78 -54.46 436.49 -44.57 curveto stroke
newpath 408.61 -47.11 moveto
408.69 -59.9 424.76 -88.29 424.43 -91.15 curveto
424.1 -94.02 427.15 -97.96 420.63 -98.53 curveto
414.11 -99.1 409.97 -98.89 408.53 -98.82 curveto
401.32 -98.45 400.92 -101.59 387.44 -102.08 curveto
379.13 -102.38 375.33 -102.72 369.54 -103.15 curveto
352.52 -104.41 358.06 -107.38 346.38 -108.64 curveto
339.78 -108.48 333.27 -109.65 326.69 -109.81 curveto
323.8 -109.88 318.59 -109.7 310.86 -109.37 curveto
304.46 -109.09 301.73 -110.07 295.84 -107.27 curveto
287.93 -103.51 280.48 -106.35 270.15 -105.8 curveto
254.11 -104.95 lineto
251.05 -104.79 242.27 -103.43 240.65 -103.34 curveto stroke
newpath 240.65 -103.34 moveto
240.65 -103.34 236.68 -103.14 228 -103.41 curveto
219.32 -103.69 206.21 -105.92 195.38 -106.09 curveto
184.53 -106.27 172.2 -107.92 169.97 -108.42 curveto
150.95 -112.68 138.58 -110.02 117.7 -113.01 curveto
114.76 -113.43 103.25 -113.74 98.87 -114.97 curveto
94.5 -116.19 64.44 -110.83 59.78 -142.69 curveto stroke
newpath 68.05 -142.38 moveto
79.94 -126.97 85.86 -130.85 93.07 -130.48 curveto
100.29 -130.11 114.16 -126.47 126.52 -124.93 curveto
138.88 -123.39 162.73 -123.91 171.45 -122.91 curveto
180.16 -121.92 240.22 -115.03 240.22 -115.03 curveto stroke
newpath 240.22 -115.03 moveto
240.22 -115.03 252.12 -115.28 256.09 -115.49 curveto
260.06 -115.7 265.47 -115.99 267.98 -116.31 curveto
270.5 -116.63 272.86 -116.4 272.36 -119.07 curveto
271.85 -121.74 272.08 -122.19 269.53 -124.67 curveto
266.79 -127.33 263.55 -129 260.16 -130.65 curveto
255.95 -132.7 252.72 -135.57 249.21 -136.21 curveto
246.41 -136.73 245.95 -136.41 243.18 -137.72 curveto
240.41 -139.02 241.99 -139.83 232.31 -146.02 curveto
222.64 -152.2 222.55 -151.76 219.53 -153.12 curveto
207.85 -158.4 185.14 -163.27 184.04 -163.57 curveto
177.2 -165.48 176.44 -166.55 156.92 -172.11 curveto
152.12 -173.47 142.74 -174.25 137.16 -178.13 curveto
133.91 -180.39 124.76 -184.7 122.93 -185.15 curveto
119.41 -185.49 116.16 -187.01 112.71 -187.7 curveto
110.35 -188.16 108.35 -188.2 104.94 -187.85 curveto
98.04 -188.07 94.46 -184.57 89.25 -180.9 curveto
87.48 -180.08 82.27 -176.01 80.58 -173.93 curveto
78.88 -171.86 73.05 -161.47 73.05 -161.47 curveto
73.05 -161.47 71.14 -160.13 70.86 -158.5 curveto
70.57 -156.87 70.67 -154.9 71.68 -152.44 curveto
72.7 -149.97 71.67 -141.66 63.12 -144.11 curveto stroke
newpath 63.12 -144.11 moveto
55.43 -143.91 56.95 -156.54 56.95 -156.54 curveto
58.21 -158.53 61.58 -161.15 61.96 -164.12 curveto
62.26 -166.53 61.61 -168.87 61.44 -171.33 curveto
61.06 -176.78 62.47 -182.44 62.16 -185.49 curveto
61.86 -188.53 61 -187.42 60.63 -192.08 curveto
60.26 -196.75 60.1 -200.7 60.53 -203.42 curveto
60.96 -206.14 61.83 -206.89 61.75 -208.69 curveto
61.67 -210.48 62 -211.21 61.96 -212.11 curveto
63.68 -234 49.88 -198.59 49.57 -196.29 curveto
49.02 -192.23 48.8 -188.19 48.85 -184.12 curveto
49.21 -181.23 48.71 -179.05 46.43 -177.51 curveto
44.12 -175.95 40.56 -174.89 39.17 -175.18 curveto
37.76 -175.47 35.65 -175.56 34.06 -175.67 curveto
27.54 -174.7 21.68 -171.69 15.53 -169.26 curveto
14.33 -168.78 6.29 -162.45 5.58 -161.69 curveto
-6.37 -148.85 -19.57 -147.63 -31.4 -137.71 curveto
-31.88 -137.3 -37.7 -128.07 -42.1 -127.6 curveto
-45.5 -127.23 -48.49 -126.5 -51.43 -124.91 curveto
-51.43 -124.91 -64.2 -117.39 -68.76 -115.87 curveto
-74.44 -113.98 -81.35 -107.05 -88.49 -102.93 curveto
-89.31 -102.46 -91.17 -99.9 -95.94 -95.86 curveto
-96.62 -95.28 -125.66 -53.98 -131.33 -52.94 curveto
-137.01 -51.89 -141.05 -50.58 -145.09 -46.22 curveto
-153.88 -36.73 -149.78 -38.51 -159.14 -29.8 curveto
-164.2 -25.09 -169.23 -18.99 -176.31 -17.5 curveto
-182.81 -17.15 -193.37 -17.34 -205.72 -20.3 curveto
-219.24 -23.55 -220.87 -24.18 -223.02 -24.43 curveto
-225.16 -24.68 -237.53 -23.36 -238.76 -23.29 curveto
-240 -23.23 -245.65 -19.32 -248.06 -17.57 curveto
-250.47 -15.82 -249.55 -12.12 -252.55 -11.4 curveto
-255.56 -10.69 -258.22 -10.18 -259.26 -9.58 curveto
-262 -8.01 -275.32 8.48 -290.57 17.12 curveto
-294.21 19.19 -297.72 21.78 -301.84 22.59 curveto
-311.24 24.43 -322.39 36.47 -336.64 40.75 curveto
-343.45 42 -349.52 44.38 -355.58 47.58 curveto
-359.65 48.69 -362.56 51.41 -366.14 53.37 curveto
-386.03 64.25 -408.11 67.75 -427.92 78.8 curveto
-431.52 82.53 -435.21 84.98 -440.08 86.82 curveto
-443.55 88.13 -448.46 90.15 -449.7 90.39 curveto
-450.94 90.64 -503.45 120.1 -509.03 121.5 curveto
-520.72 127.34 -532.56 137.79 -542.57 146.91 curveto
-544.91 149.04 -545.99 164.87 -548.53 167.84 curveto
-558.39 179.37 -557.58 174.92 -568.26 175.49 curveto
-572.11 175.7 -582.37 207.13 -584.24 215.2 curveto stroke
newpath -592.19 211.83 moveto
-588.61 206.88 -577.57 178.69 -583.95 180.71 curveto
-590.56 182.81 -613.75 196.1 -618.94 200.7 curveto
-621.96 203.38 -628.34 210.22 -631.55 213.86 curveto
-633.86 216.49 -635.15 220.07 -640.1 220.65 curveto
-646.05 221.36 -665.65 221.38 -667.96 221.73 curveto stroke
showpage
%%EOF
