%!PS
%%BoundingBox: -356 -156 354 157 
%%HiResBoundingBox: -355.44 -155.69293 353.32 156.65001 
%%Creator: MetaPost 2.11
%%CreationDate: 2025.10.14:2236
%%Pages: 1
%%BeginProlog
%%EndProlog
%%Page: 1 1
 0 0.42001 dtransform truncate idtransform setlinewidth pop [] 0 setdash
 1 setlinecap 1 setlinejoin 10 setmiterlimit
newpath -318.59 56.74 moveto
-318.9 57.66 -319.92 58.98 -320.16 61.15 curveto
-320.25 61.89 -321.29 63.92 -321.78 68.1 curveto
-322.27 72.28 -321.1 70.41 -320.31 71.45 curveto
-319.51 72.5 -312.03 69.81 -309.48 70.22 curveto
-306.93 70.63 -306.54 71.34 -305.23 72.35 curveto
-303.92 73.37 -302.2 75.26 -300.68 76.98 curveto
-299.15 78.7 -286.74 88.69 -283.81 89.62 curveto
-280.88 90.55 -277.99 90.76 -273.78 92.17 curveto
-269.57 93.59 -262.59 96.49 -256.04 97.78 curveto
-249.51 99.07 -253.94 100.21 -246.87 101.45 curveto
-239.77 102.69 -238.89 98.66 -238.89 98.66 curveto
-238.89 98.66 -238.14 95.74 -238.05 93.93 curveto
-237.96 92.13 -236.91 88.11 -236.67 85.94 curveto
-236.42 83.76 -235.53 73.1 -235.56 72.38 curveto
-235.6 71.66 -235.97 64.3 -236.13 61.24 curveto
-236.28 58.19 -236.42 55.5 -236.32 53.87 curveto
-236.23 52.25 -234.01 49.79 -233.94 47.63 curveto
-233.87 45.47 -231.74 41.4 -231.42 40.48 curveto
-231.11 39.57 -227.2 35.05 -226.71 33.95 curveto
-226.23 32.85 -224.13 27.88 -223.67 26.42 curveto
-223.21 24.96 -221.69 19.65 -221.65 16.94 curveto
-221.61 14.23 -218.58 10.1 -217.85 6.81 curveto
-217.13 3.58 -214.05 0.11 -212.9 -2.11 curveto
-211.76 -4.34 -211.18 -7.08 -206.58 -8.76 curveto
-201.98 -10.44 -206.24 -2.28 -203.98 -0.42 curveto
-201.72 1.45 -201.1 0.42 -198.86 1.12 curveto
-195.38 2.2 -194.99 2.72 -190.07 3.72 curveto
-185.15 4.72 -186.83 3.73 -183.66 5.73 curveto
-180.49 7.72 -177.39 8.28 -172.79 10.2 curveto
-168.18 12.12 -167.96 12.83 -164.66 13.74 curveto
-161.37 14.65 -157.66 16.44 -157.66 16.44 curveto
-154.92 17.2 lineto
-154.92 17.2 -152.76 17.09 -150.96 17 curveto
-149.16 16.91 -144.04 14.66 -140.82 14.14 curveto
-137.61 13.61 -136.19 13 -133.52 12.5 curveto
-130.84 12.01 -130.57 10.19 -127.16 9.84 curveto
-123.75 9.48 -118.49 9.94 -115.65 9.07 curveto
-112.81 8.21 -108.87 7.47 -105.29 6.92 curveto
-101.71 6.38 -98.67 5.69 -96.51 5.58 curveto
-94.35 5.47 -90.85 3.3 -89.61 2.88 curveto
-88.36 2.46 -88.18 2.45 -83.02 1.11 curveto
-77.87 -0.22 -78.74 0.36 -75.86 0.22 curveto
-72.99 0.08 -64.53 0.2 -58.6 -0.09 curveto
-52.67 -0.39 -41.45 0.68 -37.85 0.68 curveto
-34.24 0.68 -33.69 1.02 -29.72 1.18 curveto
-25.74 1.34 -7.43 3.45 -3.29 3.23 curveto
0.84 3.02 2.29 4.69 6.27 0.39 curveto
11.38 -5.11 10.84 -8.68 10.78 -9.75 curveto
10.72 -10.83 10.92 -13.92 10.83 -15.55 curveto
10.75 -17.17 12.55 -21.07 12.36 -25.04 curveto
12.17 -29.01 12.16 -29.06 14.3 -33.46 curveto
16.92 -38.82 21.25 -34.53 24.14 -34.85 curveto
30.23 -35.52 32.38 -35.81 33.29 -35.5 curveto
34.21 -35.18 39.38 -36.17 42.13 -35.22 curveto
44.89 -34.28 44.12 -35.15 50.27 -34.74 curveto
56.42 -34.33 57.88 -34.04 61.12 -34.21 curveto
64.36 -34.37 66.54 -33.94 69.98 -33.75 curveto
73.41 -33.55 79.47 -34.75 80.54 -34.8 curveto
81.62 -34.85 90.13 -33.82 97.63 -35.27 curveto
105.1 -36.72 106.91 -36.65 109.09 -36.59 curveto
111.27 -36.53 114.55 -36.14 117.11 -35.37 curveto
119.67 -34.6 125.08 -34.51 129.24 -34.18 curveto
133.4 -33.85 143.95 -32.21 146.3 -32.15 curveto
148.65 -32.09 160.51 -29.44 161.96 -29.16 curveto
163.42 -28.87 169.29 -26.47 173.67 -25.26 curveto
178.04 -24.04 178.89 -24.98 184.53 -23.47 curveto
190.17 -21.96 230.29 -7.98 236.12 -6.84 curveto
241.96 -5.7 249.76 -1.77 256.19 0.24 curveto
262.63 2.26 269.58 7.31 275.52 10.43 curveto
281.46 13.55 280.6 9.99 280.64 8.01 curveto
280.76 3.15 279.59 -2.55 280.36 -5.11 curveto
281.14 -7.67 285.92 -18.91 287.7 -25.13 curveto
289.49 -31.35 293.85 -38.97 296.46 -45.78 curveto
299.06 -52.59 308.1 -77.04 309.49 -80.18 curveto
310.88 -83.31 314.27 -91.06 315.45 -94.9 curveto
316.62 -98.74 321.8 -109.81 322.42 -111.46 curveto
323.03 -113.11 327.87 -122.53 328.02 -123.07 curveto
328.17 -123.62 335.37 -134.75 336.56 -138.04 curveto
337.76 -141.36 343.22 -148 344.09 -149.7 curveto
344.93 -151.37 336.7 -156.77 341.27 -155.2 curveto
344.01 -154.27 346.46 -154.38 348.96 -152.31 curveto
351.07 -150.55 353.11 -151.17 353.11 -151.17 curveto stroke
newpath 352.48 -142.31 moveto
350.85 -144.08 348.65 -143.65 347.46 -141.28 curveto
346.3 -138.96 342.11 -130.51 340.35 -126.15 curveto
338.85 -122.41 338.23 -118.53 334.66 -112.43 curveto
331.09 -106.32 327.84 -90.67 325.77 -84.44 curveto
323.7 -78.2 308.46 -45.67 304.58 -36.46 curveto
300.69 -27.24 293.36 -11.36 292.77 -5.19 curveto
292.19 0.96 289.69 9.18 289.54 9.73 curveto
289.39 10.28 289.26 11.18 288.34 14.46 curveto
287.43 17.75 283.37 19.39 283.37 19.39 curveto
278.33 19.47 lineto
278.33 19.47 269.09 15.26 266.91 15.19 curveto
264.74 15.12 244.06 6.81 238.9 4.73 curveto
233.73 2.65 209.55 -5.12 202.61 -7.1 curveto
195.68 -9.09 193.24 -11.13 185.27 -12.34 curveto
177.31 -13.55 174.68 -15.76 170.84 -17.18 curveto
166.99 -18.61 161.39 -19.03 158.05 -17.24 curveto
154.71 -15.45 156.07 -9.75 153.66 -3.68 curveto
151.25 2.39 130.16 52.49 125.65 59.57 curveto
121.15 66.65 105.28 104.78 105.28 104.78 curveto stroke
newpath 98.7 99.52 moveto
99.53 98.03 126.02 34.85 127.89 32.6 curveto
129.76 30.34 134.04 14.98 135.19 12.76 curveto
136.34 10.54 138.66 6.45 140.48 3.12 curveto
142.29 -0.22 144.97 -4.5 146.48 -6.74 curveto
147.99 -8.98 148.97 -11.01 149.69 -14.84 curveto
150.4 -18.66 149.76 -17 149.61 -20.06 curveto
149.46 -23.12 148.78 -22.36 147.45 -23.56 curveto
146.13 -24.75 139.07 -25.12 137.98 -25.24 curveto
136.89 -25.37 131.5 -25.09 124.67 -24.75 curveto
117.84 -24.41 106.59 -29.8 103.91 -29.47 curveto
101.21 -29.14 101.22 -28.96 95.45 -28.32 curveto
89.71 -27.69 89.51 -28.04 83.95 -27.59 curveto
78.4 -27.13 77.87 -26.93 75.01 -26.61 curveto
72.15 -26.29 67.68 -25.71 67.68 -25.71 curveto
67.68 -25.71 54.69 -25.77 51.79 -26.16 curveto
48.88 -26.56 42.82 -28.77 35.46 -28.4 curveto
28.09 -28.02 27.18 -28.16 22.7 -27.75 curveto
18.22 -27.33 19.23 -28.83 17.7 -26.93 curveto
16.16 -25.04 16.92 -20.56 16.4 -16.37 curveto
15.88 -12.18 16.03 -12.91 16.11 -11.29 curveto
16.19 -9.67 16.64 -7.89 16.77 -5.38 curveto
16.91 -2.87 16.58 -2.31 16.28 1.85 curveto
15.97 6.02 15.93 5.3 15.86 7.29 curveto
15.78 9.28 15.2 12.01 14.49 15.83 curveto
13.78 19.64 13.96 19.63 12.96 21.13 curveto
11.96 22.62 10.51 22.51 7.48 23.03 curveto
4.44 23.55 6.03 22.92 5.1 22.43 curveto
4.18 21.94 3.59 21.07 3.48 20.24 curveto
3.36 19.41 2.5 17.52 1.45 14.7 curveto
0.4 11.87 0.28 12.96 -1.19 12.32 curveto
-2.67 11.67 -7.63 9.95 -9.8 9.88 curveto
-11.6 9.82 -29.71 8.39 -29.71 8.39 curveto
-29.71 8.39 -31.38 7.57 -38.59 7.56 curveto
-45.79 7.56 -45.48 6.64 -49.97 6.86 curveto
-54.46 7.09 -61.09 7.77 -64.85 8.14 curveto
-68.61 8.51 -79.95 8.53 -83.51 9.25 curveto
-87.08 9.97 -96.62 14.24 -100.38 14.79 curveto
-104.14 15.34 -125.82 18.43 -131.19 19.24 curveto
-136.56 20.05 -153.33 23.43 -153.33 23.43 curveto
-153.33 23.43 -157.47 23.64 -158.38 23.51 curveto
-159.29 23.38 -162.18 23.17 -163.27 23.04 curveto
-164.36 22.92 -169.86 21.23 -172.66 19.39 curveto
-175.46 17.55 -181.11 16.41 -182.41 15.76 curveto
-183.71 15.1 -192.08 10.13 -194.61 9.91 curveto
-197.15 9.68 -202.97 8.54 -206.35 6.02 curveto
-209.72 3.49 -209.79 5.66 -210.69 5.71 curveto
-211.59 5.76 -211.71 6.85 -212.49 9.24 curveto
-213.27 11.62 -212.91 15.04 -213.31 17.77 curveto
-213.7 20.5 -214.05 20.69 -214.05 20.69 curveto
-214.05 20.69 -214.82 23.26 -215.11 24.72 curveto
-215.39 26.18 -215.38 26.36 -216.7 28.95 curveto
-218.01 31.53 -229.23 51.89 -229.9 52.83 curveto
-230.57 53.76 -230.36 54.29 -230.69 54.84 curveto
-231.03 55.4 -230.77 56.83 -230.66 58.98 curveto
-230.55 61.14 -230.68 65.82 -230.73 68.35 curveto
-230.78 70.87 -230.52 72.48 -230.74 75.19 curveto
-230.96 77.9 -231.54 91.07 -232.32 93.28 curveto
-233.11 95.48 -232.9 99.6 -232.96 101.77 curveto
-232.99 102.84 -234.42 104.73 -236.82 107.21 curveto
-239.21 109.69 -236.59 111.53 -243.73 109.58 curveto
-245.89 108.99 -247.33 109.55 -247.33 109.55 curveto
-253.5 108.82 lineto
-253.5 108.82 -260.28 106.63 -262.29 106.01 curveto
-264.31 105.39 -268.72 103.63 -271.86 101.98 curveto
-274.99 100.34 -278.64 99.26 -282.13 97.81 curveto
-285.62 96.37 -284.2 95.94 -285.54 94.57 curveto
-286.87 93.2 -309.32 83.91 -310.76 83.98 curveto
-312.2 84.06 -314.14 84.87 -315.03 85.1 curveto
-315.92 85.32 -317.76 84.69 -319.41 84.23 curveto
-321.05 83.78 -322.84 84.05 -324.27 84.31 curveto
-325.72 84.57 -326.25 88.57 -326.36 89.84 curveto
-326.47 91.11 -327.15 98.54 -328.13 100.4 curveto
-329.11 102.25 -333.85 112.26 -336.56 116.54 curveto
-339.28 120.84 -340.87 135.49 -341.86 137.71 curveto
-342.86 139.92 -348.39 156.44 -348.39 156.44 curveto stroke
newpath -355.23 142.75 moveto
-355.23 142.75 -348.47 127.62 -347.17 123.59 curveto
-345.87 119.57 -345.01 114.12 -341.69 111.24 curveto
-338.38 108.36 -335.56 96.3 -334.83 93.37 curveto
-334.09 90.44 -331.97 83.11 -330.74 79.25 curveto
-329.51 75.4 -328.89 70.49 -327.7 66.08 curveto
-326.5 61.68 -322.84 55.52 -322.84 55.52 curveto stroke
showpage
%%EOF
