%!PS
%%BoundingBox: -356 -157 361 158 
%%HiResBoundingBox: -355.83 -156.08293 360.17252 157.04001 
%%Creator: MetaPost 2.11
%%CreationDate: 2025.10.14:2236
%%Pages: 1
%%BeginProlog
%%EndProlog
%%Page: 1 1
 0 0 0 1 setcmykcolor 0 1.2 dtransform truncate idtransform setlinewidth pop
 [] 0 setdash 1 setlinecap 1 setlinejoin 10 setmiterlimit
newpath -348.39 156.44 moveto
-348.39 156.44 -342.86 139.92 -341.86 137.71 curveto
-340.87 135.49 -339.28 120.84 -336.56 116.54 curveto
-333.85 112.26 -329.11 102.25 -328.13 100.4 curveto
-327.15 98.54 -326.47 91.11 -326.36 89.84 curveto
-326.25 88.57 -325.72 84.57 -324.27 84.31 curveto
-322.84 84.05 -321.05 83.78 -319.41 84.23 curveto
-317.76 84.69 -315.92 85.32 -315.03 85.1 curveto
-314.14 84.87 -312.2 84.06 -310.76 83.98 curveto
-309.32 83.91 -286.87 93.2 -285.54 94.57 curveto
-284.2 95.94 -285.62 96.37 -282.13 97.81 curveto
-278.64 99.26 -274.99 100.34 -271.86 101.98 curveto
-268.72 103.63 -264.31 105.39 -262.29 106.01 curveto
-260.28 106.63 -253.5 108.82 -253.5 108.82 curveto
-247.33 109.55 lineto
-247.33 109.55 -245.89 108.99 -243.73 109.58 curveto
-236.59 111.53 -239.21 109.69 -236.82 107.21 curveto
-234.42 104.73 -232.99 102.84 -232.96 101.77 curveto
-232.9 99.6 -233.11 95.48 -232.32 93.28 curveto
-231.54 91.07 -230.96 77.9 -230.74 75.19 curveto
-230.52 72.48 -230.78 70.87 -230.73 68.35 curveto
-230.68 65.82 -230.55 61.14 -230.66 58.98 curveto
-230.77 56.83 -231.03 55.4 -230.69 54.84 curveto
-230.36 54.29 -230.57 53.76 -229.9 52.83 curveto
-229.23 51.89 -218.01 31.53 -216.7 28.95 curveto
-215.38 26.36 -215.39 26.18 -215.11 24.72 curveto
-214.82 23.26 -214.05 20.69 -214.05 20.69 curveto
-214.05 20.69 -213.7 20.5 -213.31 17.77 curveto
-212.91 15.04 -213.27 11.62 -212.49 9.24 curveto
-211.71 6.85 -211.59 5.76 -210.69 5.71 curveto
-209.79 5.66 -209.72 3.49 -206.35 6.02 curveto
-202.97 8.54 -197.15 9.68 -194.61 9.91 curveto
-192.08 10.13 -183.71 15.1 -182.41 15.76 curveto
-181.11 16.41 -175.46 17.55 -172.66 19.39 curveto
-169.86 21.23 -164.36 22.92 -163.27 23.04 curveto
-162.18 23.17 -159.29 23.38 -158.38 23.51 curveto
-157.47 23.64 -153.33 23.43 -153.33 23.43 curveto
-153.33 23.43 -136.56 20.05 -131.19 19.24 curveto
-125.82 18.43 -104.14 15.34 -100.38 14.79 curveto
-96.62 14.24 -87.08 9.97 -83.51 9.25 curveto
-79.95 8.53 -68.61 8.51 -64.85 8.14 curveto
-61.09 7.77 -54.46 7.09 -49.97 6.86 curveto
-45.48 6.64 -45.79 7.56 -38.59 7.56 curveto
-31.38 7.57 -29.71 8.39 -29.71 8.39 curveto
-29.71 8.39 -11.6 9.82 -9.8 9.88 curveto
-7.63 9.95 -2.67 11.67 -1.19 12.32 curveto
0.28 12.96 0.4 11.87 1.45 14.7 curveto
2.5 17.52 3.36 19.41 3.48 20.24 curveto
3.59 21.07 4.18 21.94 5.1 22.43 curveto
6.03 22.92 4.44 23.55 7.48 23.03 curveto
10.51 22.51 11.96 22.62 12.96 21.13 curveto
13.96 19.63 13.78 19.64 14.49 15.83 curveto
15.2 12.01 15.78 9.28 15.86 7.29 curveto
15.93 5.3 15.97 6.02 16.28 1.85 curveto
16.58 -2.31 16.91 -2.87 16.77 -5.38 curveto
16.64 -7.89 16.19 -9.67 16.11 -11.29 curveto
16.03 -12.91 15.88 -12.18 16.4 -16.37 curveto
16.92 -20.56 16.16 -25.04 17.7 -26.93 curveto
19.23 -28.83 18.22 -27.33 22.7 -27.75 curveto
27.18 -28.16 28.09 -28.02 35.46 -28.4 curveto
42.82 -28.77 48.88 -26.56 51.79 -26.16 curveto
54.69 -25.77 67.68 -25.71 67.68 -25.71 curveto
67.68 -25.71 72.15 -26.29 75.01 -26.61 curveto
77.87 -26.93 78.4 -27.13 83.95 -27.59 curveto
89.51 -28.04 89.71 -27.69 95.45 -28.32 curveto
101.22 -28.96 101.21 -29.14 103.91 -29.47 curveto
106.59 -29.8 117.84 -24.41 124.67 -24.75 curveto
131.5 -25.09 136.89 -25.37 137.98 -25.24 curveto
139.07 -25.12 146.13 -24.75 147.45 -23.56 curveto
148.78 -22.36 149.46 -23.12 149.61 -20.06 curveto
149.76 -17 150.4 -18.66 149.69 -14.84 curveto
148.97 -11.01 147.99 -8.98 146.48 -6.74 curveto
144.97 -4.5 142.29 -0.22 140.48 3.12 curveto
138.66 6.45 136.34 10.54 135.19 12.76 curveto
134.04 14.98 129.76 30.34 127.89 32.6 curveto
126.02 34.85 99.53 98.03 98.7 99.52 curveto stroke
 0.6 0.4 0 0.1 setcmykcolor 0 0.84 dtransform truncate idtransform setlinewidth pop
newpath -347.82 156.49 moveto
-347.82 156.49 -342.38 139.97 -341.41 137.75 curveto
-340.45 135.54 -339.08 120.85 -336.42 116.55 curveto
-333.77 112.26 -329.1 102.26 -328.12 100.4 curveto
-327.14 98.54 -326.46 91.11 -326.35 89.84 curveto
-326.24 88.57 -325.72 84.57 -324.27 84.31 curveto
-322.84 84.05 -321.05 83.78 -319.4 84.23 curveto
-317.76 84.69 -315.92 85.32 -315.03 85.1 curveto
-314.14 84.88 -312.19 84.06 -310.75 83.99 curveto
-309.32 83.91 -286.87 93.2 -285.53 94.57 curveto
-284.2 95.94 -285.62 96.37 -282.13 97.81 curveto
-278.64 99.26 -274.98 100.34 -271.84 101.99 curveto
-268.7 103.63 -264.29 105.39 -262.28 106.01 curveto
-260.27 106.63 -253.5 108.82 -253.5 108.82 curveto
-247.33 109.55 lineto
-247.33 109.55 -245.89 108.99 -243.73 109.58 curveto
-236.59 111.54 -239.21 109.69 -236.81 107.21 curveto
-234.42 104.73 -232.99 102.84 -232.96 101.77 curveto
-232.89 99.6 -233.11 95.48 -232.32 93.28 curveto
-231.53 91.08 -230.95 77.9 -230.73 75.19 curveto
-230.51 72.48 -230.77 70.87 -230.72 68.35 curveto
-230.67 65.83 -230.55 61.14 -230.66 58.98 curveto
-230.77 56.83 -231.03 55.4 -230.69 54.84 curveto
-230.36 54.29 -230.57 53.76 -229.9 52.83 curveto
-229.22 51.89 -218.01 31.53 -216.7 28.95 curveto
-215.38 26.36 -215.39 26.18 -215.11 24.72 curveto
-214.82 23.26 -214.05 20.69 -214.05 20.69 curveto
-214.05 20.69 -213.7 20.5 -213.3 17.77 curveto
-212.9 15.04 -213.26 11.62 -212.49 9.24 curveto
-211.71 6.85 -211.59 5.76 -210.69 5.71 curveto
-209.79 5.66 -209.72 3.49 -206.34 6.02 curveto
-202.97 8.54 -197.14 9.68 -194.6 9.91 curveto
-192.07 10.13 -183.7 15.1 -182.4 15.76 curveto
-181.1 16.41 -175.45 17.55 -172.65 19.39 curveto
-169.85 21.23 -164.36 22.92 -163.27 23.04 curveto
-162.18 23.17 -159.29 23.38 -158.38 23.51 curveto
-157.47 23.64 -153.33 23.43 -153.33 23.43 curveto
-153.33 23.43 -136.55 20.06 -131.17 19.24 curveto
-125.8 18.43 -104.13 15.34 -100.37 14.79 curveto
-96.61 14.24 -87.08 9.97 -83.51 9.25 curveto
-79.95 8.53 -68.61 8.51 -64.84 8.14 curveto
-61.08 7.77 -54.45 7.09 -49.96 6.86 curveto
-45.47 6.64 -45.79 7.56 -38.58 7.56 curveto
-31.37 7.57 -29.71 8.39 -29.71 8.39 curveto
-29.71 8.39 -11.59 9.82 -9.79 9.88 curveto
-7.63 9.95 -2.67 11.67 -1.19 12.32 curveto
0.28 12.96 0.41 11.87 1.46 14.7 curveto
2.51 17.52 3.36 19.41 3.48 20.24 curveto
3.59 21.07 4.18 21.94 5.11 22.43 curveto
6.03 22.92 4.44 23.55 7.48 23.03 curveto
10.51 22.51 11.96 22.62 12.96 21.13 curveto
13.97 19.64 13.79 19.64 14.49 15.83 curveto
15.2 12.01 15.78 9.28 15.86 7.29 curveto
15.93 5.3 15.97 6.02 16.28 1.85 curveto
16.58 -2.31 16.91 -2.87 16.78 -5.38 curveto
16.64 -7.89 16.19 -9.67 16.11 -11.29 curveto
16.03 -12.91 15.88 -12.18 16.41 -16.37 curveto
16.92 -20.56 16.16 -25.05 17.7 -26.93 curveto
19.23 -28.83 18.22 -27.32 22.7 -27.75 curveto
27.19 -28.16 28.1 -28.02 35.47 -28.4 curveto
42.84 -28.77 48.9 -26.56 51.8 -26.16 curveto
54.7 -25.77 67.68 -25.71 67.68 -25.71 curveto
67.68 -25.71 72.15 -26.29 75.01 -26.61 curveto
77.88 -26.93 78.41 -27.13 83.96 -27.59 curveto
89.52 -28.04 89.72 -27.69 95.45 -28.32 curveto
101.22 -28.96 101.21 -29.14 103.91 -29.47 curveto
106.59 -29.8 117.85 -24.41 124.69 -24.75 curveto
131.52 -25.1 136.92 -25.37 138 -25.24 curveto
139.09 -25.12 146.14 -24.75 147.47 -23.56 curveto
148.79 -22.36 149.47 -23.12 149.63 -20.06 curveto
149.78 -17 150.42 -18.66 149.71 -14.84 curveto
149 -11.01 148.02 -8.98 146.51 -6.74 curveto
145.01 -4.5 142.34 -0.22 140.52 3.12 curveto
138.71 6.45 136.39 10.54 135.24 12.76 curveto
134.09 14.98 129.82 30.34 127.95 32.6 curveto
126.08 34.86 99.53 98.03 98.7 99.52 curveto stroke
 0 0.9 0.9 0.2 setcmykcolor
newpath -348.04 156.36 moveto
-348.04 156.36 -342.57 139.86 -341.6 137.64 curveto
-340.63 135.43 -339.22 120.76 -336.55 116.48 curveto
-333.89 112.2 -329.17 102.22 -328.18 100.37 curveto
-327.2 98.52 -326.49 91.09 -326.38 89.82 curveto
-326.26 88.56 -325.75 84.56 -324.32 84.31 curveto
-322.89 84.06 -321.1 83.79 -319.45 84.24 curveto
-317.81 84.7 -315.97 85.33 -315.08 85.1 curveto
-314.19 84.88 -312.25 84.06 -310.82 83.98 curveto
-309.38 83.91 -286.91 93.22 -285.58 94.59 curveto
-284.25 95.96 -285.67 96.4 -282.17 97.84 curveto
-278.67 99.28 -275.01 100.36 -271.86 102 curveto
-268.72 103.64 -264.3 105.4 -262.29 106.02 curveto
-260.27 106.64 -253.49 108.81 -253.49 108.81 curveto
-247.31 109.53 lineto
-247.31 109.53 -245.88 108.98 -243.72 109.58 curveto
-236.59 111.55 -239.21 109.71 -236.81 107.24 curveto
-234.41 104.77 -232.97 102.89 -232.94 101.82 curveto
-232.87 99.65 -233.08 95.51 -232.3 93.31 curveto
-231.51 91.11 -230.92 77.92 -230.7 75.21 curveto
-230.47 72.49 -230.74 70.88 -230.69 68.36 curveto
-230.63 65.83 -230.51 61.14 -230.62 58.98 curveto
-230.73 56.82 -230.99 55.39 -230.65 54.84 curveto
-230.32 54.28 -230.53 53.75 -229.86 52.81 curveto
-229.18 51.88 -217.97 31.48 -216.66 28.89 curveto
-215.35 26.3 -215.36 26.12 -215.07 24.66 curveto
-214.79 23.21 -214.02 20.64 -214.02 20.64 curveto
-214.02 20.64 -213.67 20.44 -213.26 17.72 curveto
-212.86 15 -213.22 11.59 -212.44 9.21 curveto
-211.66 6.82 -211.53 5.74 -210.63 5.69 curveto
-209.73 5.64 -209.67 3.48 -206.29 6.01 curveto
-202.92 8.54 -197.09 9.68 -194.56 9.92 curveto
-192.02 10.15 -183.66 15.13 -182.36 15.78 curveto
-181.07 16.44 -175.42 17.59 -172.62 19.43 curveto
-169.82 21.27 -164.33 22.97 -163.24 23.1 curveto
-162.15 23.22 -159.26 23.43 -158.35 23.57 curveto
-157.44 23.7 -153.31 23.49 -153.31 23.49 curveto
-153.31 23.49 -136.54 20.11 -131.17 19.3 curveto
-125.81 18.48 -104.16 15.39 -100.4 14.84 curveto
-96.64 14.29 -87.13 10.02 -83.56 9.3 curveto
-79.99 8.57 -68.64 8.53 -64.87 8.16 curveto
-61.11 7.79 -54.47 7.09 -49.98 6.86 curveto
-45.49 6.63 -45.8 7.55 -38.59 7.54 curveto
-31.38 7.53 -29.72 8.35 -29.72 8.35 curveto
-29.72 8.35 -11.61 9.8 -9.81 9.86 curveto
-7.65 9.93 -2.69 11.66 -1.22 12.3 curveto
0.26 12.95 0.38 11.86 1.43 14.69 curveto
2.47 17.52 3.33 19.41 3.44 20.24 curveto
3.56 21.07 4.14 21.94 5.07 22.43 curveto
5.99 22.93 4.4 23.55 7.44 23.03 curveto
10.48 22.52 11.93 22.63 12.93 21.13 curveto
13.94 19.64 13.76 19.65 14.46 15.83 curveto
15.17 12.01 15.75 9.27 15.83 7.29 curveto
15.91 5.3 15.95 6.02 16.27 1.86 curveto
16.6 -2.31 16.93 -2.86 16.81 -5.38 curveto
16.68 -7.9 16.23 -9.68 16.14 -11.3 curveto
16.06 -12.91 15.92 -12.18 16.43 -16.36 curveto
16.93 -20.53 16.16 -24.99 17.69 -26.87 curveto
19.22 -28.76 18.21 -27.26 22.7 -27.67 curveto
27.18 -28.08 28.09 -27.95 35.46 -28.32 curveto
42.83 -28.7 48.89 -26.49 51.8 -26.09 curveto
54.7 -25.7 67.68 -25.64 67.68 -25.64 curveto
67.68 -25.64 72.16 -26.23 75.02 -26.56 curveto
77.89 -26.88 78.42 -27.09 83.98 -27.56 curveto
89.55 -28.02 89.75 -27.67 95.48 -28.32 curveto
101.22 -28.98 101.21 -29.16 103.89 -29.47 curveto
106.58 -29.79 117.85 -24.42 124.68 -24.77 curveto
131.51 -25.12 136.91 -25.39 137.99 -25.27 curveto
139.08 -25.14 146.13 -24.78 147.45 -23.59 curveto
148.77 -22.39 149.46 -23.15 149.61 -20.09 curveto
149.77 -17.04 150.41 -18.69 149.7 -14.87 curveto
148.99 -11.05 148.02 -9.02 146.51 -6.78 curveto
145 -4.54 142.33 -0.25 140.52 3.08 curveto
138.71 6.42 136.4 10.5 135.25 12.72 curveto
134.1 14.95 129.84 30.3 127.97 32.56 curveto
126.1 34.82 99.59 98 98.76 99.48 curveto stroke
 0 0 0 1 setcmykcolor 0 1.2 dtransform truncate idtransform setlinewidth pop
newpath 352.48 -142.31 moveto
350.85 -144.08 348.65 -143.65 347.46 -141.28 curveto
346.3 -138.96 342.11 -130.51 340.35 -126.15 curveto
338.85 -122.41 338.23 -118.53 334.66 -112.43 curveto
331.09 -106.32 327.84 -90.67 325.77 -84.44 curveto
323.7 -78.2 308.46 -45.67 304.58 -36.46 curveto
300.69 -27.24 293.36 -11.36 292.77 -5.19 curveto
292.19 0.96 289.69 9.18 289.54 9.73 curveto
289.39 10.28 289.26 11.18 288.34 14.46 curveto
287.43 17.75 283.37 19.39 283.37 19.39 curveto
278.33 19.47 lineto
278.33 19.47 269.09 15.26 266.91 15.19 curveto
264.74 15.12 244.06 6.81 238.9 4.73 curveto
233.73 2.65 209.55 -5.12 202.61 -7.1 curveto
195.68 -9.09 193.24 -11.13 185.27 -12.34 curveto
177.31 -13.55 174.68 -15.76 170.84 -17.18 curveto
166.99 -18.61 161.39 -19.03 158.05 -17.24 curveto
154.71 -15.45 156.07 -9.75 153.66 -3.68 curveto
151.25 2.39 130.16 52.49 125.65 59.57 curveto
121.15 66.65 105.28 104.78 105.28 104.78 curveto stroke
 0.6 0.4 0 0.1 setcmykcolor 0 0.84 dtransform truncate idtransform setlinewidth pop
newpath 354.2 -143.37 moveto
352.68 -144.92 350.37 -144.26 349.23 -141.86 curveto
348.09 -139.45 344.03 -130.77 342.28 -126.36 curveto
340.78 -122.58 340.15 -118.68 336.5 -112.54 curveto
332.85 -106.4 329.32 -90.72 327.12 -84.48 curveto
324.92 -78.24 308.92 -45.69 304.89 -36.47 curveto
300.86 -27.25 293.38 -11.36 292.79 -5.19 curveto
292.19 0.96 289.71 9.18 289.55 9.73 curveto
289.4 10.28 289.27 11.18 288.35 14.46 curveto
287.43 17.75 283.37 19.39 283.37 19.39 curveto
278.34 19.47 lineto
278.34 19.47 269.11 15.26 266.95 15.19 curveto
264.78 15.12 244.17 6.81 239.02 4.73 curveto
233.87 2.65 209.69 -5.12 202.74 -7.1 curveto
195.79 -9.09 193.34 -11.13 185.35 -12.34 curveto
177.36 -13.55 174.72 -15.76 170.87 -17.18 curveto
167.01 -18.6 161.4 -19.03 158.06 -17.24 curveto
154.73 -15.45 156.1 -9.75 153.7 -3.68 curveto
151.3 2.39 130.22 52.49 125.71 59.57 curveto
121.2 66.65 105.28 104.78 105.28 104.78 curveto stroke
 0 0.9 0.9 0.2 setcmykcolor
newpath 354.2 -143.37 moveto
352.68 -144.91 350.37 -144.25 349.23 -141.85 curveto
348.09 -139.45 344.03 -130.77 342.27 -126.36 curveto
340.77 -122.58 340.14 -118.68 336.49 -112.54 curveto
332.84 -106.41 329.31 -90.73 327.11 -84.49 curveto
324.9 -78.25 308.9 -45.71 304.86 -36.49 curveto
300.83 -27.27 293.35 -11.39 292.76 -5.23 curveto
292.17 0.93 289.71 9.16 289.56 9.71 curveto
289.41 10.26 289.27 11.17 288.36 14.46 curveto
287.45 17.75 283.39 19.4 283.39 19.4 curveto
278.34 19.48 lineto
278.34 19.48 269.12 15.26 266.95 15.19 curveto
264.78 15.12 244.17 6.8 239.02 4.72 curveto
233.86 2.64 209.68 -5.13 202.73 -7.12 curveto
195.77 -9.11 193.33 -11.15 185.33 -12.36 curveto
177.34 -13.58 174.71 -15.79 170.85 -17.21 curveto
166.99 -18.64 161.38 -19.07 158.05 -17.28 curveto
154.71 -15.49 156.09 -9.79 153.69 -3.72 curveto
151.3 2.35 130.25 52.45 125.74 59.53 curveto
121.24 66.61 105.34 104.73 105.34 104.73 curveto stroke
 0 0 0 1 setcmykcolor 0 1.2 dtransform truncate idtransform setlinewidth pop
newpath -318.59 56.74 moveto
-318.9 57.66 -319.92 58.98 -320.16 61.15 curveto
-320.25 61.89 -321.29 63.92 -321.78 68.1 curveto
-322.27 72.28 -321.1 70.41 -320.31 71.45 curveto
-319.51 72.5 -312.03 69.81 -309.48 70.22 curveto
-306.93 70.63 -306.54 71.34 -305.23 72.35 curveto
-303.92 73.37 -302.2 75.26 -300.68 76.98 curveto
-299.15 78.7 -286.74 88.69 -283.81 89.62 curveto
-280.88 90.55 -277.99 90.76 -273.78 92.17 curveto
-269.57 93.59 -262.59 96.49 -256.04 97.78 curveto
-249.51 99.07 -253.94 100.21 -246.87 101.45 curveto
-239.77 102.69 -238.89 98.66 -238.89 98.66 curveto
-238.89 98.66 -238.14 95.74 -238.05 93.93 curveto
-237.96 92.13 -236.91 88.11 -236.67 85.94 curveto
-236.42 83.76 -235.53 73.1 -235.56 72.38 curveto
-235.6 71.66 -235.97 64.3 -236.13 61.24 curveto
-236.28 58.19 -236.42 55.5 -236.32 53.87 curveto
-236.23 52.25 -234.01 49.79 -233.94 47.63 curveto
-233.87 45.47 -231.74 41.4 -231.42 40.48 curveto
-231.11 39.57 -227.2 35.05 -226.71 33.95 curveto
-226.23 32.85 -224.13 27.88 -223.67 26.42 curveto
-223.21 24.96 -221.69 19.65 -221.65 16.94 curveto
-221.61 14.23 -218.58 10.1 -217.85 6.81 curveto
-217.13 3.58 -214.05 0.11 -212.9 -2.11 curveto
-211.76 -4.34 -211.18 -7.08 -206.58 -8.76 curveto
-201.98 -10.44 -206.24 -2.28 -203.98 -0.42 curveto
-201.72 1.45 -201.1 0.42 -198.86 1.12 curveto
-195.38 2.2 -194.99 2.72 -190.07 3.72 curveto
-185.15 4.72 -186.83 3.73 -183.66 5.73 curveto
-180.49 7.72 -177.39 8.28 -172.79 10.2 curveto
-168.18 12.12 -167.96 12.83 -164.66 13.74 curveto
-161.37 14.65 -157.66 16.44 -157.66 16.44 curveto
-154.92 17.2 lineto
-154.92 17.2 -152.76 17.09 -150.96 17 curveto
-149.16 16.91 -144.04 14.66 -140.82 14.14 curveto
-137.61 13.61 -136.19 13 -133.52 12.5 curveto
-130.84 12.01 -130.57 10.19 -127.16 9.84 curveto
-123.75 9.48 -118.49 9.94 -115.65 9.07 curveto
-112.81 8.21 -108.87 7.47 -105.29 6.92 curveto
-101.71 6.38 -98.67 5.69 -96.51 5.58 curveto
-94.35 5.47 -90.85 3.3 -89.61 2.88 curveto
-88.36 2.46 -88.18 2.45 -83.02 1.11 curveto
-77.87 -0.22 -78.74 0.36 -75.86 0.22 curveto
-72.99 0.08 -64.53 0.2 -58.6 -0.09 curveto
-52.67 -0.39 -41.45 0.68 -37.85 0.68 curveto
-34.24 0.68 -33.69 1.02 -29.72 1.18 curveto
-25.74 1.34 -7.43 3.45 -3.29 3.23 curveto
0.84 3.02 2.29 4.69 6.27 0.39 curveto
11.38 -5.11 10.84 -8.68 10.78 -9.75 curveto
10.72 -10.83 10.92 -13.92 10.83 -15.55 curveto
10.75 -17.17 12.55 -21.07 12.36 -25.04 curveto
12.17 -29.01 12.16 -29.06 14.3 -33.46 curveto
16.92 -38.82 21.25 -34.53 24.14 -34.85 curveto
30.23 -35.52 32.38 -35.81 33.29 -35.5 curveto
34.21 -35.18 39.38 -36.17 42.13 -35.22 curveto
44.89 -34.28 44.12 -35.15 50.27 -34.74 curveto
56.42 -34.33 57.88 -34.04 61.12 -34.21 curveto
64.36 -34.37 66.54 -33.94 69.98 -33.75 curveto
73.41 -33.55 79.47 -34.75 80.54 -34.8 curveto
81.62 -34.85 90.13 -33.82 97.63 -35.27 curveto
105.1 -36.72 106.91 -36.65 109.09 -36.59 curveto
111.27 -36.53 114.55 -36.14 117.11 -35.37 curveto
119.67 -34.6 125.08 -34.51 129.24 -34.18 curveto
133.4 -33.85 143.95 -32.21 146.3 -32.15 curveto
148.65 -32.09 160.51 -29.44 161.96 -29.16 curveto
163.42 -28.87 169.29 -26.47 173.67 -25.26 curveto
178.04 -24.04 178.89 -24.98 184.53 -23.47 curveto
190.17 -21.96 230.29 -7.98 236.12 -6.84 curveto
241.96 -5.7 249.76 -1.77 256.19 0.24 curveto
262.63 2.26 269.58 7.31 275.52 10.43 curveto
281.46 13.55 280.6 9.99 280.64 8.01 curveto
280.76 3.15 279.59 -2.55 280.36 -5.11 curveto
281.14 -7.67 285.92 -18.91 287.7 -25.13 curveto
289.49 -31.35 293.85 -38.97 296.46 -45.78 curveto
299.06 -52.59 308.1 -77.04 309.49 -80.18 curveto
310.88 -83.31 314.27 -91.06 315.45 -94.9 curveto
316.62 -98.74 321.8 -109.81 322.42 -111.46 curveto
323.03 -113.11 327.87 -122.53 328.02 -123.07 curveto
328.17 -123.62 335.37 -134.75 336.56 -138.04 curveto
337.76 -141.36 343.22 -148 344.09 -149.7 curveto
344.93 -151.37 336.7 -156.77 341.27 -155.2 curveto
344.01 -154.27 346.46 -154.38 348.96 -152.31 curveto
351.07 -150.55 353.11 -151.17 353.11 -151.17 curveto stroke
 0.6 0.4 0 0.1 setcmykcolor 0 0.84 dtransform truncate idtransform setlinewidth pop
newpath -318.57 56.74 moveto
-318.88 57.66 -319.9 58.98 -320.15 61.16 curveto
-320.23 61.89 -321.28 63.92 -321.78 68.1 curveto
-322.27 72.28 -321.1 70.41 -320.3 71.45 curveto
-319.51 72.5 -312.02 69.81 -309.47 70.22 curveto
-306.93 70.63 -306.53 71.34 -305.22 72.35 curveto
-303.91 73.37 -302.19 75.26 -300.67 76.98 curveto
-299.14 78.7 -286.74 88.69 -283.81 89.62 curveto
-280.87 90.55 -277.98 90.76 -273.77 92.18 curveto
-269.56 93.59 -262.57 96.49 -256.03 97.78 curveto
-249.5 99.07 -253.93 100.2 -246.87 101.45 curveto
-239.77 102.68 -238.89 98.66 -238.89 98.66 curveto
-238.89 98.66 -238.13 95.74 -238.05 93.93 curveto
-237.96 92.13 -236.9 88.11 -236.66 85.94 curveto
-236.41 83.76 -235.52 73.1 -235.55 72.38 curveto
-235.59 71.66 -235.97 64.3 -236.13 61.24 curveto
-236.28 58.19 -236.42 55.5 -236.32 53.87 curveto
-236.23 52.25 -234.01 49.79 -233.94 47.63 curveto
-233.87 45.47 -231.73 41.4 -231.42 40.48 curveto
-231.1 39.57 -227.19 35.05 -226.71 33.95 curveto
-226.22 32.85 -224.13 27.88 -223.67 26.42 curveto
-223.2 24.96 -221.68 19.65 -221.65 16.94 curveto
-221.61 14.23 -218.58 10.1 -217.85 6.81 curveto
-217.13 3.58 -214.05 0.11 -212.9 -2.11 curveto
-211.76 -4.34 -211.18 -7.08 -206.58 -8.76 curveto
-201.97 -10.44 -206.24 -2.28 -203.98 -0.42 curveto
-201.72 1.45 -201.09 0.42 -198.85 1.12 curveto
-195.37 2.2 -194.98 2.72 -190.06 3.72 curveto
-185.14 4.72 -186.82 3.73 -183.65 5.73 curveto
-180.48 7.72 -177.38 8.28 -172.78 10.2 curveto
-168.17 12.12 -167.95 12.83 -164.66 13.74 curveto
-161.36 14.65 -157.66 16.44 -157.66 16.44 curveto
-154.92 17.2 lineto
-154.92 17.2 -152.75 17.09 -150.95 17 curveto
-149.15 16.91 -144.04 14.66 -140.81 14.14 curveto
-137.59 13.61 -136.18 13 -133.5 12.5 curveto
-130.82 12.01 -130.55 10.19 -127.14 9.84 curveto
-123.73 9.48 -118.48 9.94 -115.63 9.07 curveto
-112.79 8.21 -108.86 7.47 -105.28 6.92 curveto
-101.7 6.38 -98.67 5.69 -96.51 5.58 curveto
-94.35 5.47 -90.85 3.3 -89.6 2.88 curveto
-88.36 2.46 -88.18 2.45 -83.02 1.11 curveto
-77.86 -0.22 -78.73 0.36 -75.86 0.22 curveto
-72.98 0.08 -64.52 0.2 -58.59 -0.09 curveto
-52.66 -0.38 -41.44 0.68 -37.84 0.68 curveto
-34.24 0.68 -33.68 1.02 -29.72 1.18 curveto
-25.74 1.33 -7.42 3.45 -3.29 3.23 curveto
0.85 3.02 2.29 4.69 6.28 0.39 curveto
11.39 -5.1 10.84 -8.68 10.78 -9.75 curveto
10.72 -10.83 10.92 -13.92 10.84 -15.55 curveto
10.75 -17.17 12.55 -21.07 12.36 -25.04 curveto
12.17 -29.01 12.15 -29.06 14.3 -33.46 curveto
16.92 -38.82 21.25 -34.53 24.15 -34.85 curveto
30.24 -35.52 32.39 -35.81 33.3 -35.5 curveto
34.22 -35.18 39.4 -36.17 42.15 -35.22 curveto
44.9 -34.28 44.13 -35.15 50.28 -34.74 curveto
56.43 -34.33 57.89 -34.04 61.13 -34.21 curveto
64.36 -34.37 66.55 -33.94 69.98 -33.75 curveto
73.41 -33.55 79.47 -34.75 80.55 -34.8 curveto
81.63 -34.85 90.14 -33.83 97.63 -35.27 curveto
105.1 -36.73 106.91 -36.65 109.09 -36.59 curveto
111.27 -36.52 114.55 -36.14 117.12 -35.37 curveto
119.68 -34.6 125.1 -34.51 129.26 -34.18 curveto
133.42 -33.85 143.96 -32.21 146.31 -32.15 curveto
148.66 -32.09 160.51 -29.44 161.97 -29.16 curveto
163.42 -28.87 169.31 -26.47 173.7 -25.26 curveto
178.08 -24.04 178.94 -24.98 184.6 -23.47 curveto
190.26 -21.96 230.44 -7.98 236.27 -6.84 curveto
242.09 -5.7 249.86 -1.77 256.27 0.24 curveto
262.68 2.26 269.61 7.31 275.53 10.43 curveto
281.46 13.55 280.61 9.99 280.65 8.01 curveto
280.78 3.15 279.6 -2.55 280.37 -5.11 curveto
281.14 -7.67 285.96 -18.91 287.81 -25.13 curveto
289.65 -31.36 294.13 -38.98 296.84 -45.79 curveto
299.56 -52.6 309.12 -77.06 310.58 -80.2 curveto
312.04 -83.34 315.6 -91.1 316.85 -94.95 curveto
318.09 -98.8 323.47 -109.89 324.11 -111.54 curveto
324.74 -113.2 329.67 -122.64 329.82 -123.19 curveto
329.97 -123.74 337.15 -134.93 338.24 -138.23 curveto
339.33 -141.53 344.04 -148.08 344.68 -149.73 curveto
345.32 -151.39 338.01 -156.78 342.24 -155.2 curveto
344.69 -154.28 346.63 -153.98 349.06 -152.3 curveto
352.2 -150.14 358.18 -150.07 358.18 -150.07 curveto stroke
 0 0.9 0.9 0.2 setcmykcolor
newpath -318.51 56.8 moveto
-318.83 57.72 -319.84 59.03 -320.09 61.2 curveto
-320.17 61.94 -321.21 63.97 -321.72 68.14 curveto
-322.23 72.31 -321.06 70.45 -320.29 71.49 curveto
-319.51 72.53 -312.08 69.81 -309.54 70.22 curveto
-306.99 70.63 -306.59 71.33 -305.28 72.34 curveto
-303.97 73.36 -302.25 75.25 -300.72 76.98 curveto
-299.19 78.7 -286.78 88.7 -283.85 89.64 curveto
-280.92 90.57 -278.03 90.78 -273.81 92.19 curveto
-269.59 93.59 -262.59 96.48 -256.04 97.77 curveto
-249.49 99.06 -253.93 100.18 -246.84 101.44 curveto
-239.75 102.7 -238.87 98.69 -238.87 98.69 curveto
-238.87 98.69 -238.12 95.77 -238.03 93.96 curveto
-237.94 92.16 -236.88 88.14 -236.64 85.96 curveto
-236.39 83.79 -235.49 73.11 -235.53 72.39 curveto
-235.56 71.67 -235.94 64.3 -236.1 61.24 curveto
-236.25 58.19 -236.39 55.49 -236.29 53.86 curveto
-236.19 52.24 -233.98 49.78 -233.91 47.61 curveto
-233.84 45.45 -231.7 41.37 -231.39 40.45 curveto
-231.08 39.54 -227.16 35.01 -226.68 33.91 curveto
-226.19 32.8 -224.1 27.83 -223.64 26.36 curveto
-223.17 24.89 -221.64 19.59 -221.6 16.88 curveto
-221.56 14.18 -218.52 10.06 -217.79 6.78 curveto
-217.07 3.55 -213.98 0.09 -212.84 -2.13 curveto
-211.69 -4.35 -211.11 -7.08 -206.5 -8.76 curveto
-201.9 -10.44 -206.17 -2.29 -203.92 -0.42 curveto
-201.66 1.45 -201.03 0.42 -198.79 1.12 curveto
-195.31 2.2 -194.92 2.73 -190.01 3.74 curveto
-185.09 4.75 -186.76 3.75 -183.59 5.75 curveto
-180.43 7.75 -177.34 8.32 -172.73 10.24 curveto
-168.13 12.17 -167.91 12.88 -164.62 13.79 curveto
-161.33 14.71 -157.63 16.5 -157.63 16.5 curveto
-154.89 17.26 lineto
-154.89 17.26 -152.73 17.15 -150.93 17.06 curveto
-149.14 16.97 -144.02 14.73 -140.81 14.2 curveto
-137.59 13.68 -136.18 13.06 -133.5 12.57 curveto
-130.82 12.07 -130.55 10.25 -127.15 9.9 curveto
-123.74 9.54 -118.49 10 -115.65 9.13 curveto
-112.81 8.27 -108.88 7.52 -105.31 6.98 curveto
-101.73 6.44 -98.7 5.74 -96.54 5.63 curveto
-94.39 5.52 -90.89 3.36 -89.65 2.94 curveto
-88.41 2.51 -88.23 2.51 -83.07 1.16 curveto
-77.92 -0.18 -78.79 0.4 -75.91 0.25 curveto
-73.03 0.11 -64.56 0.21 -58.63 -0.09 curveto
-52.69 -0.39 -41.46 0.66 -37.86 0.65 curveto
-34.26 0.65 -33.7 0.98 -29.72 1.14 curveto
-25.75 1.3 -7.44 3.43 -3.3 3.22 curveto
0.83 3 2.27 4.68 6.29 0.38 curveto
11.41 -5.11 10.87 -8.68 10.81 -9.76 curveto
10.76 -10.84 10.96 -13.91 10.88 -15.53 curveto
10.8 -17.15 12.58 -21.03 12.38 -24.98 curveto
12.18 -28.94 12.16 -28.99 14.3 -33.37 curveto
16.91 -38.73 21.24 -34.45 24.14 -34.77 curveto
30.23 -35.45 32.38 -35.74 33.3 -35.42 curveto
34.21 -35.11 39.39 -36.09 42.14 -35.15 curveto
44.89 -34.21 44.13 -35.07 50.28 -34.67 curveto
56.43 -34.26 57.88 -33.97 61.12 -34.14 curveto
64.35 -34.3 66.54 -33.87 69.97 -33.69 curveto
73.41 -33.5 79.47 -34.72 80.55 -34.77 curveto
81.63 -34.83 90.15 -33.82 97.65 -35.28 curveto
105.14 -36.75 106.95 -36.66 109.12 -36.59 curveto
111.28 -36.52 114.55 -36.15 117.11 -35.38 curveto
119.67 -34.6 125.08 -34.52 129.25 -34.19 curveto
133.41 -33.86 143.95 -32.24 146.29 -32.18 curveto
148.64 -32.12 160.49 -29.48 161.95 -29.19 curveto
163.4 -28.91 169.29 -26.5 173.68 -25.29 curveto
178.07 -24.07 178.92 -25.01 184.59 -23.5 curveto
190.25 -21.99 230.44 -8 236.26 -6.85 curveto
242.09 -5.71 249.86 -1.78 256.27 0.24 curveto
262.68 2.25 269.61 7.31 275.54 10.43 curveto
281.46 13.55 280.6 9.99 280.64 8.01 curveto
280.75 3.13 279.56 -2.57 280.33 -5.14 curveto
281.1 -7.7 285.93 -18.94 287.78 -25.16 curveto
289.62 -31.39 294.1 -39 296.82 -45.81 curveto
299.53 -52.62 309.1 -77.08 310.56 -80.22 curveto
312.02 -83.36 315.59 -91.11 316.84 -94.96 curveto
318.08 -98.81 323.47 -109.9 324.1 -111.55 curveto
324.74 -113.21 329.66 -122.65 329.82 -123.2 curveto
329.97 -123.75 337.15 -134.93 338.24 -138.23 curveto
339.33 -141.53 344.05 -148.08 344.68 -149.73 curveto
345.32 -151.39 338.02 -156.78 342.24 -155.19 curveto
344.69 -154.27 346.63 -153.98 349.06 -152.3 curveto
352.2 -150.13 358.18 -150.06 358.18 -150.06 curveto stroke
 0 0 0 1 setcmykcolor 0 1.2 dtransform truncate idtransform setlinewidth pop
newpath -355.23 142.75 moveto
-355.23 142.75 -348.47 127.62 -347.17 123.59 curveto
-345.87 119.57 -345.01 114.12 -341.69 111.24 curveto
-338.38 108.36 -335.56 96.3 -334.83 93.37 curveto
-334.09 90.44 -331.97 83.11 -330.74 79.25 curveto
-329.51 75.4 -328.89 70.49 -327.7 66.08 curveto
-326.5 61.68 -322.84 55.52 -322.84 55.52 curveto stroke
 0.6 0.4 0 0.1 setcmykcolor 0 0.84 dtransform truncate idtransform setlinewidth pop
newpath -354.68 142.8 moveto
-354.68 142.8 -348.09 127.66 -346.87 123.62 curveto
-345.64 119.59 -344.86 114.13 -341.59 111.25 curveto
-338.32 108.36 -335.56 96.3 -334.82 93.37 curveto
-334.08 90.44 -331.96 83.11 -330.73 79.25 curveto
-329.5 75.4 -328.89 70.49 -327.69 66.08 curveto
-326.48 61.68 -322.82 55.52 -322.82 55.52 curveto stroke
 0 0.9 0.9 0.2 setcmykcolor
newpath -354.86 142.65 moveto
-354.86 142.65 -348.25 127.53 -347.01 123.5 curveto
-345.77 119.47 -344.97 114.02 -341.69 111.15 curveto
-338.41 108.28 -335.6 96.24 -334.85 93.32 curveto
-334.1 90.4 -331.95 83.08 -330.7 79.23 curveto
-329.46 75.38 -328.81 70.48 -327.59 66.09 curveto
-326.37 61.71 -322.72 55.57 -322.72 55.57 curveto stroke
 0 0 0 1 setcmykcolor 0 3.98505 dtransform truncate idtransform setlinewidth pop
newpath 353.11 -151.17 moveto 0 0 rlineto stroke
newpath 351.07 -150.55 moveto 0 0 rlineto stroke
 0 0.84 dtransform truncate idtransform setlinewidth pop
newpath 353.11 -151.17 moveto
351.07 -150.55 lineto stroke
 1 0.85 0 setrgbcolor 0 3.98505 dtransform truncate idtransform setlinewidth pop
newpath 358.18 -150.06 moveto 0 0 rlineto stroke
newpath 352.2 -150.13 moveto 0 0 rlineto stroke
 0 0.84 dtransform truncate idtransform setlinewidth pop
newpath 353.11 -151.17 moveto
358.18 -150.06 lineto
352.2 -150.13 lineto
351.07 -150.55 lineto stroke
showpage
%%EOF
