%!PS
%%BoundingBox: -320 -91 318 83 
%%HiResBoundingBox: -319.23427 -90.78252 317.75 82.18857 
%%Creator: MetaPost 2.11
%%CreationDate: 2025.10.14:2236
%%Pages: 1
%%BeginProlog
%%EndProlog
%%Page: 1 1
 0 0 0 1 setcmykcolor 0 1.2 dtransform truncate idtransform setlinewidth pop
 [] 0 setdash 1 setlinecap 1 setlinejoin 10 setmiterlimit
newpath 310.84 20.79 moveto
297.64 16.45 302.39 17.64 293.17 13.81 curveto
283.96 9.98 268.16 11.19 259.16 11.31 curveto
250.15 11.43 203.34 19.32 189.48 22.94 curveto
175.61 26.57 161.48 32 143.78 31.5 curveto
126.09 31.01 116.61 22.15 103.95 21.37 curveto
91.29 20.6 70.56 23.88 62.53 22.14 curveto
54.51 20.4 0.6 16.79 -15.97 16.94 curveto
-32.56 17.09 -76.91 23.42 -91.28 24.53 curveto
-105.64 25.65 -107.1 18.53 -113.87 19.98 curveto
-120.64 21.43 -131.82 27.4 -152.06 26.33 curveto
-171.98 25.27 -176.42 26.84 -182.3 33.79 curveto
-188.18 40.76 -204.35 58.49 -218.07 66.28 curveto
-231.85 74.1 -255.4 78.77 -270.19 79.3 curveto
-285 79.83 -299.51 66.42 -312.82 56.76 curveto
-326.02 47.18 -312.8 31.73 -311.49 23.3 curveto
-310.18 14.86 -304.86 12.66 -301.31 2.9 curveto
-297.66 -7.1 -287.69 -42.53 -285.06 -49.37 curveto
-282.51 -56.02 -287.39 -63.35 -283.52 -78.13 curveto stroke
 0.6 0.4 0 0.1 setcmykcolor 0 0.84 dtransform truncate idtransform setlinewidth pop
newpath 310.85 20.82 moveto
297.64 16.48 302.39 17.66 293.18 13.83 curveto
283.96 9.99 268.16 11.2 259.16 11.31 curveto
250.15 11.43 203.35 19.33 189.48 22.95 curveto
175.61 26.58 161.48 32.02 143.79 31.52 curveto
126.09 31.02 116.61 22.15 103.95 21.38 curveto
91.29 20.61 70.56 23.88 62.53 22.14 curveto
54.51 20.41 0.6 16.78 -15.97 16.94 curveto
-32.55 17.1 -76.91 23.43 -91.27 24.56 curveto
-105.63 25.68 -107.09 18.55 -113.87 20 curveto
-120.64 21.44 -131.84 27.8 -152.04 26.37 curveto
-171.98 25.71 -176.4 26.9 -182.28 33.85 curveto
-188.17 40.79 -204.33 58.56 -218.05 66.37 curveto
-231.82 74.21 -255.4 78.77 -270.18 79.34 curveto
-285 79.9 -299.48 66.42 -312.83 56.79 curveto
-326.01 47.27 -312.86 31.85 -311.51 23.44 curveto
-310.25 14.99 -304.9 12.73 -301.33 3 curveto
-297.75 -6.85 -288.15 -41.78 -285.41 -48.81 curveto
-282.67 -55.89 -287.26 -61.64 -288.09 -73.7 curveto stroke
 0 0.9 0.9 0.2 setcmykcolor
newpath 309.73 15.98 moveto
296.46 11.94 301.22 13.02 291.94 9.4 curveto
282.66 5.78 266.93 7.33 257.95 7.65 curveto
248.97 7.97 202.45 16.9 188.7 20.83 curveto
174.95 24.75 160.97 30.5 143.31 30.39 curveto
125.65 30.29 115.99 21.66 103.35 21.18 curveto
90.7 20.69 70.09 24.42 62.05 22.87 curveto
54 21.31 0.14 18.91 -16.39 19.44 curveto
-32.92 19.98 -77.03 27.28 -91.33 28.73 curveto
-105.64 30.17 -107.25 23.09 -113.98 24.68 curveto
-120.7 26.27 -131.73 32.87 -151.98 31.89 curveto
-172.23 30.9 -176.47 31.94 -182.1 38.49 curveto
-187.73 45.04 -203.37 62.08 -216.85 69.59 curveto
-230.33 77.09 -253.42 81.36 -268.16 81.76 curveto
-282.9 82.16 -297.27 68.48 -310.97 58.71 curveto
-324.68 48.94 -311.88 32.48 -310.77 23.39 curveto
-309.66 14.3 -304.09 11.71 -300.55 1.36 curveto
-297.01 -9 -287.91 -45.71 -285.23 -53.12 curveto
-282.55 -60.53 -287.67 -66.26 -289.36 -79.1 curveto stroke
 0 0 0 1 setcmykcolor 0 0.6 dtransform truncate idtransform setlinewidth pop
newpath 232.57004 27.34315 moveto
211.47394 31.98148 lineto stroke
newpath 228.98332 30.58904 moveto
229.21492 28.85333 230.81122 27.72986 232.57004 27.34315 curveto stroke
newpath 227.95259 25.90111 moveto
228.89088 27.37958 230.81122 27.72986 232.57004 27.34315 curveto stroke
newpath 211.47394 31.98148 moveto
208.61461 30.15288 lineto stroke
newpath 213.81792 31.46613 moveto
210.95857 29.63751 lineto stroke
newpath 216.16188 30.95076 moveto
213.30255 29.12216 lineto stroke
 0 1.99252 dtransform truncate idtransform setlinewidth pop
newpath 220.85 29.92 moveto 0 0 rlineto stroke
 0.6 0.4 0 0.1 setcmykcolor
newpath 220.85 29.94 moveto 0 0 rlineto stroke
 0 0.9 0.9 0.2 setcmykcolor
newpath 220.15 27.09 moveto 0 0 rlineto stroke
 0 0.4 0.8 0 setcmykcolor 0 0.6 dtransform truncate idtransform setlinewidth pop
newpath 187.37012 -24.55008 moveto
190.96997 -24.55008 lineto stroke
newpath 180.17004 -24.55008 moveto
183.7699 -24.55008 lineto stroke
newpath 183.77008 -22.14993 moveto
187.36993 -22.14993 lineto stroke
 0 0 0 1 setcmykcolor 0 1.99252 dtransform truncate idtransform setlinewidth pop
newpath 185.57 -23.35 moveto 0 0 rlineto stroke
 0.6 0.4 0 0.1 setcmykcolor
newpath 185.57 -23.34 moveto 0 0 rlineto stroke
 0 0.9 0.9 0.2 setcmykcolor
newpath 183.76 -25.27 moveto 0 0 rlineto stroke
 0 0.4 0.8 0 setcmykcolor 0 0.6 dtransform truncate idtransform setlinewidth pop
newpath 213.24 -16.28993 moveto
213.24 -9.69008 lineto
211.44008 -6.69008 lineto stroke
newpath 213.24 -9.69008 moveto
215.03993 -6.69008 lineto stroke
 0 0 0 1 setcmykcolor 0 1.99252 dtransform truncate idtransform setlinewidth pop
newpath 213.24 -11.49 moveto 0 0 rlineto stroke
 0.6 0.4 0 0.1 setcmykcolor
newpath 213.24 -11.48 moveto 0 0 rlineto stroke
 0 0.9 0.9 0.2 setcmykcolor
newpath 211.63 -14.05 moveto 0 0 rlineto stroke
 0.83 0.54 0 0 setcmykcolor 0 0.42001
 dtransform truncate idtransform setlinewidth pop
newpath 125.79 -55.53 moveto
127.13095 -53.29454 128.34572 -50.43501 130.73756 -51.03358 curveto
133.24916 -51.66212 135.50066 -49.40741 135.72485 -46.58028 curveto
135.94254 -43.83533 138.19917 -41.67578 140.75235 -42.17406 curveto
143.28986 -42.66927 145.53569 -40.54697 145.83244 -37.82751 curveto
146.13435 -35.06076 148.46486 -32.94133 150.98802 -33.57082 curveto
154.04007 -34.33226 156.88614 -32.12837 156.27725 -29.48201 curveto
155.68204 -26.89508 159.39815 -26.95865 161.99 -26.06 curveto
161.99 -26.06 lineto stroke
newpath 158.80417 -28.47884 moveto
159.7266 -27.68626 161.01675 -26.92479 161.99 -26.06 curveto
161.99 -26.06 lineto
161.99 -26.06 lineto
160.6903 -25.98329 159.2396 -25.60942 158.02692 -25.5176 curveto
 closepath stroke
newpath 158.80417 -28.47884 moveto
159.7266 -27.68626 161.01675 -26.92479 161.99 -26.06 curveto
161.99 -26.06 lineto
161.99 -26.06 lineto
160.6903 -25.98329 159.2396 -25.60942 158.02692 -25.5176 curveto
 closepath fill
newpath 194.89 29.86 moveto
196.69896 27.63693 197.91347 24.82722 195.91089 23.69452 curveto
193.89786 22.5559 194.94705 19.43362 197.70407 17.70813 curveto
199.65869 16.48483 200.84737 14.28244 200.36763 12.05762 curveto
199.84726 9.64433 201.62114 7.35007 204.11664 7.0714 curveto
206.40927 6.81538 208.53961 5.51096 209.08968 3.32198 curveto
209.67076 1.00955 212.7247 1.84314 215.01 1.4 curveto
215.01 1.4 lineto stroke
newpath 211.20418 0.16875 moveto
212.3903 0.41925 213.73477 1.13994 215.01 1.4 curveto
215.01 1.4 lineto
215.01 1.4 lineto
213.92441 2.11784 212.46413 2.55893 211.44829 3.22057 curveto
 closepath stroke
newpath 211.20418 0.16875 moveto
212.3903 0.41925 213.73477 1.13994 215.01 1.4 curveto
215.01 1.4 lineto
215.01 1.4 lineto
213.92441 2.11784 212.46413 2.55893 211.44829 3.22057 curveto
 closepath fill
newpath 39.72 13.6 moveto
41.39134 15.81606 44.63768 15.93207 46.02052 13.75253 curveto
47.55977 11.32649 51.09152 11.4253 52.32246 13.89925 curveto
53.39702 16.05887 56.50165 15.91702 58.62405 14.04099 curveto
60.79834 12.1191 63.9472 11.9827 64.92401 14.1777 curveto
65.89017 16.34879 68.9911 16.13463 71.22667 14.30919 curveto
73.12837 12.75638 75.877 12.70149 77.52864 14.43486 curveto
79.41893 16.41869 82.49687 16.62268 83.82912 14.55396 curveto
85.42497 12.07587 88.99568 12.17923 90.13107 14.66548 curveto
91.30809 17.24286 94.98407 17.33344 96.43404 14.76796 curveto
97.5753 12.74867 100.35127 13.7686 102.73593 14.8592 curveto
104.94693 15.87039 107.53487 16.65242 109.03885 14.93591 curveto
110.59384 13.1612 113.35292 13.45851 115.34145 14.99248 curveto
117.38838 16.5715 120.21811 16.9028 121.64369 15.01816 curveto
123.07939 13.12013 125.92902 13.37337 127.94627 14.98581 curveto
129.71742 16.40152 132.04202 14.95578 134.24 14.72 curveto
134.24 14.72 lineto stroke
newpath 130.30406 14.00719 moveto
131.51509 14.35683 132.97992 14.34967 134.24 14.72 curveto
134.24 14.72 lineto
134.24 14.72 lineto
133.08713 15.34918 132.05641 16.39003 130.95287 16.99916 curveto
 closepath stroke
newpath 130.30406 14.00719 moveto
131.51509 14.35683 132.97992 14.34967 134.24 14.72 curveto
134.24 14.72 lineto
134.24 14.72 lineto
133.08713 15.34918 132.05641 16.39003 130.95287 16.99916 curveto
 closepath fill
newpath -304.02 36.82 moveto
-305.24136 39.64557 -305.1443 42.81396 -302.8369 43.0163 curveto
-300.52419 43.2191 -300.10352 46.17688 -300.56015 48.90189 curveto
-300.93405 51.13318 -299.24332 53.01923 -297.29225 54.30025 curveto
-295.22908 55.65486 -292.41713 56.7628 -293.09718 59.01434 curveto
-293.86191 61.54622 -291.07098 63.8472 -288.11324 62.8852 curveto
-285.65744 62.08646 -283.00397 63.40488 -282.5399 65.84694 curveto
-282.06847 68.32771 -279.01807 69.31529 -276.58115 67.9337 curveto
-274.59688 66.80873 -272.20146 67.71532 -270.4023 69.24179 curveto
-268.32065 71.00795 -265.47168 71.79604 -264.11816 69.88731 curveto
-262.23866 67.23685 -258.54916 67.47589 -257.8027 69.98053 curveto
-257.07292 72.42923 -253.31506 72.50316 -251.49512 69.61539 curveto
-249.63298 66.66066 -245.95671 66.52473 -245.21996 68.86803 curveto
-244.0179 72.69116 -238.56361 71.46597 -238.99284 67.79994 curveto
-239.34598 64.78383 -235.20712 66.97934 -232.82 66.46 curveto
-232.82 66.46 lineto stroke
newpath -236.41022 64.69643 moveto
-235.28471 65.29427 -233.98439 66.24994 -232.82 66.46 curveto
-232.82 66.46 lineto
-232.82 66.46 lineto
-233.79189 67.13483 -235.3871 67.37856 -236.60568 67.7517 curveto
 closepath stroke
newpath -236.41022 64.69643 moveto
-235.28471 65.29427 -233.98439 66.24994 -232.82 66.46 curveto
-232.82 66.46 lineto
-232.82 66.46 lineto
-233.79189 67.13483 -235.3871 67.37856 -236.60568 67.7517 curveto
 closepath fill
 0 0.4 0.8 0 setcmykcolor 0 0.6 dtransform truncate idtransform setlinewidth pop
newpath 16.73 13.12993 moveto
16.73 6.53008 lineto
14.93007 3.53008 lineto stroke
newpath 16.73 6.53008 moveto
18.52992 3.53008 lineto stroke
 0 0 0 1 setcmykcolor 0 1.99252 dtransform truncate idtransform setlinewidth pop
newpath 16.73 8.33 moveto 0 0 rlineto stroke
 0.6 0.4 0 0.1 setcmykcolor
newpath 16.74 8.35 moveto 0 0 rlineto stroke
 0 0.9 0.9 0.2 setcmykcolor
newpath 16.05 10.14 moveto 0 0 rlineto stroke
 0 0 0 1 setcmykcolor 0 1.2 dtransform truncate idtransform setlinewidth pop
newpath -258.19 -81.97 moveto
-258.24 -79.26 -251.83 -71.6 -255.02 -66.12 curveto
-258.37 -60.34 -264.18 -55.91 -271.63 -49.12 curveto
-279.1 -42.3 -277.13 -23.99 -278.35 -12.73 curveto
-279.57 -1.43 -285.97 19.21 -289.32 34.09 curveto
-292.61 48.75 -290.81 46.64 -288.6 54.05 curveto
-286.21 62.03 -271.94 62.89 -256.51 62.44 curveto
-240.61 61.97 -215.01 46.06 -203.4 39.46 curveto
-191.48 32.67 -185.97 11.21 -175.29 6.69 curveto
-164.89 2.29 -142.12 11.02 -128.35 12.1 curveto
-114.6 13.19 -119.82 3 -112.75 0.47 curveto
-105.67 -2.07 -70.28 -0.74 -61.89 0.97 curveto stroke
 0.6 0.4 0 0.1 setcmykcolor 0 0.84 dtransform truncate idtransform setlinewidth pop
newpath -253.05 -80.46 moveto
-252.78 -77.86 -250.02 -71.01 -254.39 -65.78 curveto
-258.86 -60.6 -263.93 -55.36 -271.73 -48.66 curveto
-279.18 -41.54 -277.24 -23.39 -278.41 -12.31 curveto
-279.6 -1.21 -285.9 19.29 -289.33 34.2 curveto
-292.54 48.81 -290.99 46.75 -288.6 54.1 curveto
-286.39 62.14 -271.94 62.96 -256.5 62.46 curveto
-240.6 62.04 -215 46.12 -203.4 39.47 curveto
-191.47 32.71 -185.93 11.31 -175.29 6.7 curveto
-164.86 2.36 -142.1 11.04 -128.35 12.11 curveto
-114.59 13.18 -119.82 3.01 -112.74 0.47 curveto
-105.67 -2.07 -70.27 -0.71 -61.88 1 curveto stroke
 0 0.9 0.9 0.2 setcmykcolor
newpath -251.91 -88.79 moveto
-251.69 -85.92 -248.97 -78.56 -253.58 -72.81 curveto
-258.19 -67.06 -263.15 -61.28 -270.85 -53.49 curveto
-278.54 -45.7 -276.03 -26.8 -276.95 -15.2 curveto
-277.87 -3.6 -283.79 18.1 -286.9 34.19 curveto
-290 50.27 -288.37 47.99 -286.31 56.12 curveto
-284.26 64.25 -269.77 65.31 -254.28 65.22 curveto
-238.8 65.13 -213.66 49.89 -202.24 43.62 curveto
-190.83 37.35 -185.52 17.14 -175.4 12.77 curveto
-165.29 8.4 -142.35 16.38 -128.6 17.14 curveto
-114.85 17.9 -120.3 7.87 -113.29 5.18 curveto
-106.29 2.48 -70.95 3.05 -62.55 4.57 curveto stroke
 0 0 0 1 setcmykcolor 0 1.2 dtransform truncate idtransform setlinewidth pop
newpath -61.89 0.97 moveto
-52.07 2.61 -37.18 4.71 -18.63 0.85 curveto
-0.09 -3.01 39.04 7.51 56.3 6.6 curveto
73.55 5.69 70.47 1.88 84.66 4.37 curveto
98.85 6.86 120.95 2.08 133.83 0.32 curveto
146.72 -1.45 160.81 -7.61 159.18 -11.13 curveto
157.55 -14.65 113.82 -36.86 120 -42.6 curveto
126.18 -48.33 162.43 -44.85 175.24 -41.2 curveto
188.06 -37.55 208.62 -23.86 217.89 -18.95 curveto
227.16 -14.03 251.92 -9.57 263.19 -7.65 curveto
274.47 -5.72 284.93 -5.57 294.13 -2.1 curveto
303.32 1.37 304.38 0.95 317.15 3.87 curveto stroke
 0.6 0.4 0 0.1 setcmykcolor 0 0.84 dtransform truncate idtransform setlinewidth pop
newpath -61.88 1 moveto
-52.06 2.64 -37.17 4.73 -18.63 0.86 curveto
-0.09 -3.01 39.04 7.53 56.3 6.61 curveto
73.56 5.69 70.47 1.89 84.66 4.38 curveto
98.85 6.87 120.95 2.09 133.83 0.32 curveto
146.72 -1.45 160.81 -7.61 159.18 -11.12 curveto
157.55 -14.64 113.83 -36.83 120.01 -42.57 curveto
126.19 -48.3 162.43 -44.83 175.25 -41.18 curveto
188.06 -37.54 208.62 -23.85 217.89 -18.94 curveto
227.17 -14.02 251.92 -9.57 263.2 -7.65 curveto
274.47 -5.72 284.94 -5.56 294.13 -2.08 curveto
303.33 1.39 304.39 0.97 317.16 3.9 curveto stroke
 0 0.9 0.9 0.2 setcmykcolor
newpath -62.55 4.57 moveto
-52.71 5.99 -37.81 7.74 -19.4 3.46 curveto
-0.99 -0.82 38.29 8.82 55.48 7.51 curveto
72.67 6.21 69.51 2.49 83.72 4.65 curveto
97.93 6.82 119.87 1.55 132.68 -0.5 curveto
145.5 -2.55 159.42 -9.01 157.71 -12.49 curveto
156.01 -15.96 111.9 -37.11 117.94 -42.97 curveto
123.98 -48.84 160.2 -46.18 173.07 -42.83 curveto
185.93 -39.48 206.74 -26.29 216.1 -21.6 curveto
225.47 -16.9 250.26 -13.02 261.55 -11.35 curveto
272.85 -9.69 283.29 -9.76 292.54 -6.5 curveto
301.79 -3.23 302.84 -3.67 315.65 -1.04 curveto stroke
 0 0 0 1 setcmykcolor 0 3.98505 dtransform truncate idtransform setlinewidth pop
newpath -258.19 -81.97 moveto 0 0 rlineto stroke
newpath -283.52 -78.13 moveto 0 0 rlineto stroke
 0 0.84 dtransform truncate idtransform setlinewidth pop
newpath -258.19 -81.97 moveto
-283.52 -78.13 lineto stroke
 1 0.85 0 setrgbcolor 0 3.98505 dtransform truncate idtransform setlinewidth pop
newpath -251.91 -88.79 moveto 0 0 rlineto stroke
newpath -289.36 -79.1 moveto 0 0 rlineto stroke
 0 0.84 dtransform truncate idtransform setlinewidth pop
newpath -258.19 -81.97 moveto
-251.91 -88.79 lineto
-289.36 -79.1 lineto
-283.52 -78.13 lineto stroke
showpage
%%EOF
