%!PS
%%BoundingBox: 423 -248 719 49 
%%HiResBoundingBox: 423.03 -247.61717 718.38 48.96791 
%%Creator: MetaPost 2.11
%%CreationDate: 2025.10.14:2236
%%Pages: 1
%%BeginProlog
%%EndProlog
%%Page: 1 1
 0 0 0 1 setcmykcolor 0 1.2 dtransform truncate idtransform setlinewidth pop
 [] 0 setdash 1 setlinecap 1 setlinejoin 10 setmiterlimit
newpath 424.43 7.62 moveto
431.73 9.24 460.48 5.37 466.46 5.45 curveto
472.43 5.53 491.68 5.86 506.23 1.02 curveto
517.8 -2.83 515.04 -13.71 514.48 -22.27 curveto
514.27 -25.32 514.4 -41.9 514.26 -44.59 curveto
514.13 -47.27 510.71 -46.93 510.71 -46.93 curveto stroke
 0.6 0.4 0 0.1 setcmykcolor 0 0.84 dtransform truncate idtransform setlinewidth pop
newpath 425.14 7.7 moveto
432.41 9.32 461.01 5.44 466.95 5.51 curveto
472.89 5.59 491.99 5.89 506.38 1.04 curveto
517.87 -2.82 515.28 -13.69 514.63 -22.25 curveto
514.48 -25.31 514.41 -41.9 514.28 -44.58 curveto
514.16 -47.27 510.77 -46.92 510.77 -46.92 curveto stroke
 0 0.9 0.9 0.2 setcmykcolor
newpath 425.16 7.98 moveto
432.46 9.59 461.11 5.65 467.06 5.71 curveto
473.01 5.76 492.12 5.99 506.47 1.11 curveto
517.91 -2.78 515.31 -13.65 514.65 -22.2 curveto
514.49 -25.26 514.36 -41.83 514.23 -44.53 curveto
514.09 -47.23 510.68 -46.87 510.68 -46.87 curveto stroke
 0 0 0 1 setcmykcolor 0 1.2 dtransform truncate idtransform setlinewidth pop
newpath 643.73 43.91 moveto
645.4 42.58 649.63 38.18 647.44 38.29 curveto
645.8 38.37 644.05 39.17 640.76 40.56 curveto
634.1 43.37 625.95 49.14 618.32 48.26 curveto
614.52 47.82 601.34 42.2 595.53 39.36 curveto
589.82 36.57 588.76 35.12 579.58 32.93 curveto
566.86 29.9 553.99 28.57 540.84 27.31 curveto
536.85 26.93 532.98 25.18 523.52 23.29 curveto
514.04 21.41 476.87 15.93 467.43 15.65 curveto
458.01 15.37 423.63 10 423.63 10 curveto stroke
 0.6 0.4 0 0.1 setcmykcolor 0 0.84 dtransform truncate idtransform setlinewidth pop
newpath 660.08 46.56 moveto
660.52 44.56 661.36 40 659.38 40.11 curveto
657.4 40.21 653.98 40.4 648.83 41.76 curveto
639.04 43.78 628.98 49.54 619.39 48.4 curveto
615.12 47.88 601.95 42.26 596.41 39.47 curveto
590.86 36.69 589.88 34.94 580.6 33.06 curveto
567.66 29.67 554.42 28.67 541.17 27.35 curveto
537.17 27.01 533.27 25.21 523.75 23.32 curveto
514.25 21.44 477.34 15.99 467.97 15.71 curveto
458.6 15.44 424.35 10.09 424.35 10.09 curveto stroke
 0 0.9 0.9 0.2 setcmykcolor
newpath 660.04 46.6 moveto
660.47 44.6 661.32 40.05 659.35 40.15 curveto
657.37 40.25 653.95 40.42 648.79 41.77 curveto
639.01 43.75 628.97 49.48 619.39 48.32 curveto
615.12 47.81 601.95 42.19 596.4 39.41 curveto
590.85 36.63 589.86 34.88 580.57 33.01 curveto
567.61 29.62 554.37 28.6 541.16 27.28 curveto
537.17 26.94 533.3 25.15 523.83 23.3 curveto
514.36 21.44 477.5 16.12 468.11 15.88 curveto
458.72 15.64 424.39 10.37 424.39 10.37 curveto stroke
 0 0 0 1 setcmykcolor 0 1.2 dtransform truncate idtransform setlinewidth pop
newpath 708.63 -225.02 moveto
705.51 -226.11 700.02 -227.8 696.6 -227.97 curveto
693.17 -228.15 692.5 -227.21 691.86 -225.37 curveto
691.23 -223.54 688.47 -209.51 688.17 -204.27 curveto
687.87 -199.03 683.86 -172.7 683.74 -171.44 curveto
683.63 -170.17 675.65 -126.26 675.71 -125.18 curveto
675.77 -124.1 676.42 -122.15 677 -121.45 curveto
677.57 -120.76 677.51 -118.58 677.63 -116.42 curveto
677.74 -114.26 676.52 -109.69 676.67 -106.1 curveto
677.2 -93.18 lineto
677.32 -90.49 674.22 -70.47 674.09 -69.38 curveto
673.97 -68.29 670.24 -52.82 669.43 -49.9 curveto
668.61 -46.98 665.11 -22.06 665.23 -18.08 curveto
665.34 -14.1 665.38 -14.12 666.98 -10.4 curveto
668.56 -6.73 667.76 2.29 670.06 6.57 curveto
672.43 10.97 671.77 11.53 672.89 14.36 curveto
674.04 17.26 674.82 25.53 671.55 33.61 curveto
668.25 41.79 671.06 42.69 666.41 46.7 curveto stroke
 0.6 0.4 0 0.1 setcmykcolor 0 0.84 dtransform truncate idtransform setlinewidth pop
newpath 708.73 -224.95 moveto
705.61 -226.06 700.1 -227.76 696.66 -227.94 curveto
693.22 -228.13 692.55 -227.19 691.92 -225.35 curveto
691.29 -223.51 688.58 -209.47 688.31 -204.23 curveto
688.04 -198.99 684.14 -172.66 684.02 -171.39 curveto
683.91 -170.13 675.69 -126.26 675.74 -125.18 curveto
675.8 -124.1 676.44 -122.14 677.02 -121.45 curveto
677.59 -120.75 677.53 -118.58 677.64 -116.42 curveto
677.75 -114.26 676.54 -109.69 676.73 -106.1 curveto
677.4 -93.16 lineto
677.54 -90.46 674.26 -70.46 674.13 -69.37 curveto
674.01 -68.29 670.64 -52.77 669.88 -49.85 curveto
669.13 -46.92 665.51 -22.02 665.53 -18.05 curveto
665.55 -14.08 665.55 -14.08 667.18 -10.38 curveto
668.81 -6.68 668.54 2.32 671.11 6.69 curveto
673.69 11.05 673 11.63 673.87 14.46 curveto
674.74 17.3 675.55 25.72 675.99 33.99 curveto
676.43 42.26 675.23 41.05 674.52 46.87 curveto stroke
 0 0.9 0.9 0.2 setcmykcolor
newpath 708.67 -225.02 moveto
705.55 -226.12 700.05 -227.82 696.62 -228 curveto
693.19 -228.19 692.51 -227.25 691.89 -225.42 curveto
691.26 -223.58 688.55 -209.56 688.28 -204.32 curveto
688.01 -199.08 684.14 -172.57 684.02 -171.3 curveto
683.91 -170.03 675.7 -126.17 675.76 -125.09 curveto
675.81 -124.01 676.45 -122.06 677.03 -121.37 curveto
677.6 -120.68 677.53 -118.51 677.65 -116.35 curveto
677.76 -114.2 676.55 -109.63 676.73 -106.03 curveto
677.4 -93.09 lineto
677.53 -90.39 674.23 -70.39 674.11 -69.3 curveto
673.98 -68.22 670.63 -52.72 669.88 -49.8 curveto
669.13 -46.88 665.53 -22 665.56 -18.03 curveto
665.58 -14.07 665.58 -14.07 667.21 -10.37 curveto
668.84 -6.67 668.59 2.36 671.15 6.74 curveto
673.72 11.11 673.03 11.69 673.9 14.53 curveto
674.76 17.37 675.55 25.8 675.98 34.07 curveto
676.4 42.34 675.2 41.13 674.47 46.94 curveto stroke
 0 0 0 1 setcmykcolor 0 1.2 dtransform truncate idtransform setlinewidth pop
newpath 537.73 0.92 moveto
544.63 2.8 551.55 0.34 557.77 3.57 curveto
563.02 6.3 574.66 14.35 580.02 16.56 curveto
594.01 22.33 610 26.74 623.4 25.86 curveto
630.74 24.25 639.31 25.14 648.2 23.5 curveto
652.84 22.65 656.18 20.26 659.96 18.18 curveto
662.7 16.67 664.81 7.53 661.9 3.48 curveto
658.83 -0.8 657.32 -6.26 657.09 -6.96 curveto
655.68 -11.36 653.47 -12.71 645.71 -13.58 curveto
640.23 -14.19 616.08 -22.6 610.72 -25.59 curveto
601.22 -30.89 589.21 -31.94 583.63 -35.12 curveto
572.89 -41.25 559.55 -41.83 547.44 -43.31 curveto
545.67 -43.52 532.02 -48.05 528.52 -45.57 curveto
525.06 -43.12 524.13 -40.75 523.3 -39.45 curveto
522.48 -38.15 521.66 -26.62 522.99 -21.43 curveto
525.66 -10.97 524.48 -1.28 537.73 0.92 curveto closepath stroke
 0.6 0.4 0 0.1 setcmykcolor 0 0.84 dtransform truncate idtransform setlinewidth pop
newpath 537.86 0.93 moveto
544.7 2.81 551.63 0.37 557.89 3.59 curveto
563.26 6.35 575.34 14.42 580.85 16.66 curveto
595.08 22.45 610.87 26.85 625.07 26.08 curveto
632.73 24.51 640.97 25.22 648.57 23.55 curveto
653.1 22.54 657.31 20.41 661.46 18.36 curveto
664.13 16.85 665.79 7.66 662.48 3.55 curveto
659.03 -0.77 657.34 -6.25 657.12 -6.96 curveto
655.77 -11.35 653.64 -12.69 645.96 -13.55 curveto
640.51 -14.16 616.81 -22.53 611.43 -25.5 curveto
601.79 -30.84 589.48 -31.9 583.72 -35.11 curveto
572.93 -41.24 559.74 -41.67 547.63 -43.28 curveto
545.82 -43.37 532.05 -48.03 528.55 -45.57 curveto
525.09 -43.11 524.14 -40.74 523.32 -39.45 curveto
522.5 -38.15 521.81 -26.61 523.15 -21.41 curveto
525.84 -10.96 524.54 -1.27 537.86 0.93 curveto closepath stroke
 0 0.9 0.9 0.2 setcmykcolor
newpath 537.83 0.95 moveto
544.63 2.8 551.53 0.33 557.79 3.53 curveto
563.18 6.28 575.29 14.35 580.81 16.59 curveto
595.05 22.37 610.87 26.77 625.09 26.04 curveto
632.76 24.5 640.98 25.22 648.58 23.57 curveto
653.1 22.57 657.32 20.45 661.48 18.41 curveto
664.14 16.9 665.82 7.69 662.52 3.57 curveto
659.05 -0.76 657.33 -6.26 657.11 -6.97 curveto
655.77 -11.37 653.64 -12.72 645.96 -13.6 curveto
640.52 -14.23 616.84 -22.57 611.46 -25.54 curveto
601.82 -30.86 589.51 -31.91 583.75 -35.11 curveto
572.95 -41.24 559.76 -41.71 547.63 -43.36 curveto
545.83 -43.44 532.07 -48.15 528.59 -45.63 curveto
525.11 -43.1 524.16 -40.71 523.32 -39.41 curveto
522.49 -38.1 521.82 -26.58 523.16 -21.37 curveto
525.88 -10.93 524.59 -1.24 537.83 0.95 curveto closepath stroke
 0 0 0 1 setcmykcolor 0 0.6 dtransform truncate idtransform setlinewidth pop
newpath 599.12 31.08 moveto
551.77 17.22 lineto stroke
newpath 554.98634 16.91104 moveto
551.77 17.22 lineto
554.31206 19.21454 lineto stroke
 0 1.2 dtransform truncate idtransform setlinewidth pop
newpath 517.48 -58.48 moveto
524.57 -57.71 566.87 -51.07 573.57 -47.95 curveto
582.22 -43.92 591.31 -41.53 600.33 -39.63 curveto
606.6 -38.32 613.13 -36.51 617.9 -34.95 curveto
622.71 -33.38 626.4 -32.65 630.36 -31.04 curveto
637.37 -28.18 642.97 -23.88 647.43 -22.1 curveto
651.7 -20.39 656.14 -17.95 657.05 -23.25 curveto
657.97 -28.54 660.33 -33.37 661.23 -36.3 curveto
662.14 -39.24 663.64 -50.13 663.93 -52.84 curveto
664.21 -55.55 668.38 -72.51 668.27 -74.12 curveto
668.16 -75.74 668.32 -90.01 668.35 -93.26 curveto
668.38 -96.51 670.4 -120.21 670.34 -121.29 curveto
670.28 -122.38 670.51 -139.92 670.84 -143.55 curveto
671.16 -147.18 672.83 -159.18 673.41 -161.92 curveto
673.98 -164.65 677.33 -180.61 677.24 -186.32 curveto
677.16 -192.04 680.24 -219 680.27 -222.42 curveto
680.29 -225.85 681.84 -235.12 683.96 -239.39 curveto
686.08 -243.66 694.1 -248.42 697.8 -246.63 curveto
701.51 -244.84 703.94 -243.33 707.03 -243.13 curveto
710.11 -242.93 714.15 -241.17 717.78 -240.29 curveto stroke
 0.6 0.4 0 0.1 setcmykcolor 0 0.84 dtransform truncate idtransform setlinewidth pop
newpath 517.55 -58.47 moveto
524.6 -57.7 566.97 -50.84 573.68 -47.93 curveto
582.18 -43.71 591.56 -41.52 600.8 -39.58 curveto
607.18 -38.27 613.76 -36.44 618.53 -34.88 curveto
623.3 -33.31 626.94 -32.59 630.81 -30.98 curveto
637.6 -28.16 642.99 -23.88 647.48 -22.09 curveto
651.89 -20.36 656.36 -17.93 657.36 -23.21 curveto
658.35 -28.5 660.81 -33.31 661.74 -36.24 curveto
662.67 -39.18 664.1 -50.08 664.32 -52.79 curveto
664.54 -55.51 668.38 -72.51 668.3 -74.12 curveto
668.2 -75.73 668.53 -89.99 668.54 -93.24 curveto
668.56 -96.49 670.4 -120.21 670.34 -121.29 curveto
670.29 -122.37 670.66 -139.9 671.01 -143.53 curveto
671.37 -147.15 673.1 -159.14 673.68 -161.88 curveto
674.26 -164.61 677.6 -180.57 677.49 -186.28 curveto
677.38 -192 680.33 -218.97 680.33 -222.41 curveto
680.33 -225.84 681.84 -235.12 683.97 -239.39 curveto
686.1 -243.65 694.16 -248.4 697.86 -246.61 curveto
701.57 -244.81 703.99 -243.31 707.07 -243.11 curveto
710.16 -242.91 714.22 -241.13 717.88 -240.24 curveto stroke
 0 0.9 0.9 0.2 setcmykcolor
newpath 517.47 -58.58 moveto
524.57 -57.85 567.02 -50.87 573.72 -47.94 curveto
582.21 -43.7 591.58 -41.53 600.82 -39.59 curveto
607.2 -38.3 613.78 -36.47 618.55 -34.91 curveto
623.31 -33.35 626.96 -32.64 630.82 -31.04 curveto
637.61 -28.22 643 -23.94 647.5 -22.16 curveto
651.92 -20.4 656.37 -17.92 657.36 -23.2 curveto
658.35 -28.48 660.81 -33.29 661.74 -36.22 curveto
662.67 -39.16 664.1 -50.04 664.32 -52.76 curveto
664.54 -55.48 668.36 -72.43 668.28 -74.05 curveto
668.19 -75.67 668.54 -89.93 668.56 -93.17 curveto
668.57 -96.42 670.42 -120.13 670.37 -121.21 curveto
670.31 -122.29 670.68 -139.79 671.03 -143.41 curveto
671.39 -147.04 673.12 -159.02 673.7 -161.76 curveto
674.28 -164.49 677.6 -180.52 677.49 -186.28 curveto
677.37 -192.05 680.31 -219.06 680.32 -222.48 curveto
680.32 -225.91 681.83 -235.18 683.96 -239.43 curveto
686.08 -243.69 694.13 -248.43 697.83 -246.63 curveto
701.53 -244.84 703.95 -243.34 707.02 -243.14 curveto
710.1 -242.93 714.15 -241.16 717.8 -240.26 curveto stroke
 0.83 0.54 0 0 setcmykcolor 0 0.42001
 dtransform truncate idtransform setlinewidth pop
newpath 680.22 -184.51 moveto
677.6778 -182.98491 677.96373 -179.33823 679.885 -176.61 curveto
681.51208 -174.29951 679.66586 -171.44266 679.55 -168.71 curveto
679.55 -168.71 lineto stroke
newpath 681.77393 -172.03485 moveto
681.02452 -170.95187 680.09995 -169.89323 679.55 -168.71 curveto
679.55 -168.71 lineto
679.55 -168.71 lineto
679.10217 -169.93553 679.00737 -171.33789 678.77145 -172.63358 curveto
 closepath stroke
newpath 681.77393 -172.03485 moveto
681.02452 -170.95187 680.09995 -169.89323 679.55 -168.71 curveto
679.55 -168.71 lineto
679.55 -168.71 lineto
679.10217 -169.93553 679.00737 -171.33789 678.77145 -172.63358 curveto
 closepath fill
 0 0 0 1 setcmykcolor 0 0.6 dtransform truncate idtransform setlinewidth pop
newpath 514.43 -48.35004 moveto
526.43 -48.35004 lineto stroke
newpath 516.82996 -48.35004 moveto
518.05328 -51.71106 522.8067 -51.71106 524.03003 -48.35004 curveto stroke
 0 1.99252 dtransform truncate idtransform setlinewidth pop
newpath 520.43 -50.75 moveto 0 0 rlineto stroke
 0.6 0.4 0 0.1 setcmykcolor
newpath 520.46 -50.74 moveto 0 0 rlineto stroke
 0 0.9 0.9 0.2 setcmykcolor
newpath 520.39 -50.79 moveto 0 0 rlineto stroke
 0 0 0 1 setcmykcolor 0 3.98505 dtransform truncate idtransform setlinewidth pop
newpath 643.73 43.91 moveto 0 0 rlineto stroke
newpath 640.76 40.56 moveto 0 0 rlineto stroke
 0 0.84 dtransform truncate idtransform setlinewidth pop
newpath 643.73 43.91 moveto
640.76 40.56 lineto stroke
 1 0.85 0 setrgbcolor 0 3.98505 dtransform truncate idtransform setlinewidth pop
newpath 660.04 46.6 moveto 0 0 rlineto stroke
newpath 648.79 41.77 moveto 0 0 rlineto stroke
 0 0.84 dtransform truncate idtransform setlinewidth pop
newpath 643.73 43.91 moveto
660.04 46.6 lineto
648.79 41.77 lineto
640.76 40.56 lineto stroke
showpage
%%EOF
