%!PS
%%BoundingBox: -449 -457 524 476 
%%HiResBoundingBox: -448.85004 -456.57411 523.66 475.31 
%%Creator: MetaPost 2.11
%%CreationDate: 2025.10.14:2236
%%Pages: 1
%%BeginProlog
%%EndProlog
%%Page: 1 1
 0 0 0 1 setcmykcolor 0 0.6 dtransform truncate idtransform setlinewidth pop
 [] 0 setdash 1 setlinecap 1 setlinejoin 10 setmiterlimit
newpath 30.95993 -96.57004 moveto
30.95993 -94.96994 33.36008 -94.96994 33.36008 -96.57004 curveto
33.36008 -97.68703 32.16 -98.45305 32.16 -99.57004 curveto stroke
 0 1.44 dtransform truncate idtransform setlinewidth pop
newpath 32.16 -101.36996 moveto 0 0 rlineto stroke
 0 1.99252 dtransform truncate idtransform setlinewidth pop
newpath 32.16 -98.97 moveto 0 0 rlineto stroke
 0.6 0.4 0 0.1 setcmykcolor
newpath 32.16 -98.97 moveto 0 0 rlineto stroke
 0 0.9 0.9 0.2 setcmykcolor
newpath 32.08 -99.21 moveto 0 0 rlineto stroke
 0 0 0 1 setcmykcolor 0 1.2 dtransform truncate idtransform setlinewidth pop
newpath 133.23 472.37 moveto
134.88 469.4 147.2 396.3 154.32 374.28 curveto
161.44 352.28 163.48 309.27 165.75 297.61 curveto
168.01 285.95 171.27 245.76 171.82 235.64 curveto
172.36 225.52 175.44 181.73 176.12 174.13 curveto
176.79 166.52 167.45 173.87 160.26 174.25 curveto
153.07 174.63 159.38 130.67 160.81 123.75 curveto
162.25 116.82 161.47 75.04 162.7 71.01 curveto
163.92 66.98 165.17 56.46 164.08 49.66 curveto
163 42.87 171.7 30.16 173.28 26.11 curveto
174.87 22.06 170.99 16.86 170.31 10.76 curveto
169.62 4.67 178.95 -9.18 186.91 -22.93 curveto
194.87 -36.68 198.54 -46.03 211.43 -55.89 curveto stroke
 0.6 0.4 0 0.1 setcmykcolor 0 0.84 dtransform truncate idtransform setlinewidth pop
newpath 133.24 472.36 moveto
134.88 469.4 147.2 396.29 154.32 374.28 curveto
161.44 352.27 163.48 309.27 165.75 297.61 curveto
168.01 285.95 171.27 245.76 171.82 235.64 curveto
172.36 225.52 175.44 181.73 176.12 174.13 curveto
176.79 166.52 167.45 173.87 160.26 174.25 curveto
153.07 174.63 159.38 130.67 160.81 123.75 curveto
162.25 116.82 161.47 75.04 162.7 71.01 curveto
163.92 66.98 165.17 56.46 164.08 49.66 curveto
163 42.87 171.7 30.16 173.28 26.11 curveto
174.87 22.06 170.99 16.86 170.31 10.76 curveto
169.62 4.67 178.98 -9.17 186.91 -22.93 curveto
194.9 -36.67 198.54 -46.03 211.43 -55.89 curveto stroke
 0 0.9 0.9 0.2 setcmykcolor
newpath 133.5 472.61 moveto
135.15 469.64 147.43 396.55 154.53 374.55 curveto
161.63 352.54 163.64 309.55 165.9 297.9 curveto
168.15 286.25 171.39 246.07 171.93 235.95 curveto
172.47 225.84 175.51 182.07 176.19 174.46 curveto
176.86 166.86 167.52 174.21 160.34 174.6 curveto
153.15 174.98 159.43 131.04 160.86 124.12 curveto
162.29 117.2 161.48 75.44 162.71 71.41 curveto
163.93 67.38 165.17 56.86 164.08 50.07 curveto
162.99 43.28 171.68 30.56 173.26 26.52 curveto
174.85 22.47 170.96 17.27 170.27 11.18 curveto
169.59 5.09 178.93 -8.74 186.84 -22.5 curveto
194.75 -36.26 198.19 -45.82 210.97 -56.23 curveto stroke
 0 0 0 1 setcmykcolor 0 1.2 dtransform truncate idtransform setlinewidth pop
newpath -443.95 -228.63 moveto
-472.46 -242.34 -350.49 -244.05 -333.79 -234.85 curveto
-317.07 -225.64 -298.95 -203.49 -287.81 -203.75 curveto
-276.82 -204 -236.59 -211.08 -235.91 -195.98 curveto
-235.29 -182.45 -209.25 -204.74 -198.68 -202.76 curveto
-188.13 -200.78 -183.58 -189.86 -176.71 -189.51 curveto
-169.84 -189.15 -175.67 -183.43 -163.42 -183.72 curveto
-151.18 -184.01 -151 -194.11 -136.5 -185.88 curveto
-122 -177.64 -127.24 -174.47 -111.69 -173.5 curveto
-96.13 -172.53 -49.46 -176.09 -41.83 -168.21 curveto
-34.2 -160.32 -35.13 -164.24 -27.03 -161.06 curveto
-18.93 -157.89 13.71 -147.37 21.34 -146.33 curveto
28.97 -145.3 68.22 -132.6 72.2 -132.45 curveto stroke
 0.6 0.4 0 0.1 setcmykcolor 0 0.84 dtransform truncate idtransform setlinewidth pop
newpath -443.95 -228.63 moveto
-472.46 -242.34 -350.5 -244.05 -333.79 -234.85 curveto
-317.08 -225.63 -298.95 -203.55 -287.81 -203.75 curveto
-276.83 -204.06 -236.72 -211.08 -235.91 -195.98 curveto
-235.42 -182.44 -209.25 -204.75 -198.68 -202.76 curveto
-188.12 -200.79 -183.58 -189.86 -176.71 -189.51 curveto
-169.84 -189.15 -175.67 -183.43 -163.42 -183.72 curveto
-151.18 -184.01 -151 -194.12 -136.5 -185.88 curveto
-122 -177.64 -127.24 -174.47 -111.69 -173.5 curveto
-96.13 -172.53 -49.46 -176.09 -41.83 -168.21 curveto
-34.2 -160.32 -35.13 -164.24 -27.03 -161.06 curveto
-18.93 -157.89 13.71 -147.37 21.34 -146.33 curveto
28.97 -145.3 68.22 -132.6 72.2 -132.45 curveto stroke
 0 0.9 0.9 0.2 setcmykcolor
newpath -443.89 -228.53 moveto
-472.2 -242.32 -350.49 -244.01 -333.78 -234.82 curveto
-317.07 -225.63 -298.94 -203.54 -287.78 -203.79 curveto
-276.63 -204.03 -236.26 -210.52 -235.82 -195.77 curveto
-235.43 -182.49 -209.28 -204.77 -198.72 -202.82 curveto
-188.17 -200.86 -183.62 -189.94 -176.75 -189.59 curveto
-169.88 -189.23 -175.7 -183.52 -163.47 -183.81 curveto
-151.23 -184.11 -151.05 -194.21 -136.56 -185.98 curveto
-122.06 -177.76 -127.29 -174.59 -111.75 -173.63 curveto
-96.2 -172.66 -49.55 -176.26 -41.92 -168.38 curveto
-34.28 -160.5 -35.22 -164.42 -27.12 -161.25 curveto
-19.02 -158.08 13.62 -147.59 21.24 -146.56 curveto
28.86 -145.52 68.1 -132.86 72.08 -132.72 curveto stroke
 0 0 0 1 setcmykcolor 0 1.2 dtransform truncate idtransform setlinewidth pop
newpath 47.31 -105.54 moveto
53.12 -104.76 74.27 -106.97 82.75 -110.31 curveto
91.22 -113.64 68.19 -119.62 64.07 -122.65 curveto
59.94 -125.67 8.52 -129.79 9.19 -130.91 curveto
9.85 -132.02 0.03 -133.66 -9.72 -140.71 curveto
-19.47 -147.76 -40.91 -150.95 -48.91 -152.33 curveto
-56.91 -153.7 -52.09 -157.93 -54.12 -162.14 curveto
-56.15 -166.36 -107.86 -162.53 -117.58 -162.37 curveto
-127.31 -162.21 -128.39 -169 -134.83 -174.79 curveto
-141.27 -180.57 -156.45 -174.72 -164.68 -173.56 curveto
-172.92 -172.4 -187.34 -172.36 -195.27 -172.3 curveto
-203.19 -172.24 -197.75 -178.29 -199.07 -182.91 curveto
-200.4 -187.52 -238.06 -177.52 -253.91 -176.64 curveto
-269.83 -175.76 -255.72 -191.19 -257.47 -195.99 curveto
-259.14 -200.58 -284.18 -190.7 -289.71 -193.24 curveto
-295.29 -195.8 -326.71 -203.51 -340.24 -207.12 curveto
-353.77 -210.73 -427.55 -218.69 -443.95 -228.63 curveto stroke
 0.6 0.4 0 0.1 setcmykcolor 0 0.84 dtransform truncate idtransform setlinewidth pop
newpath 47.31 -105.54 moveto
53.12 -104.76 74.27 -106.97 82.75 -110.31 curveto
91.22 -113.64 68.19 -119.62 64.07 -122.65 curveto
59.94 -125.67 8.52 -129.79 9.19 -130.91 curveto
9.85 -132.02 0.03 -133.66 -9.72 -140.71 curveto
-19.47 -147.76 -40.91 -150.95 -48.91 -152.33 curveto
-56.91 -153.7 -52.09 -157.93 -54.12 -162.14 curveto
-56.15 -166.36 -107.86 -162.53 -117.58 -162.37 curveto
-127.31 -162.21 -128.39 -169 -134.83 -174.79 curveto
-141.27 -180.58 -156.45 -174.72 -164.68 -173.56 curveto
-172.92 -172.4 -187.34 -172.36 -195.27 -172.3 curveto
-203.19 -172.24 -197.75 -178.29 -199.07 -182.91 curveto
-200.4 -187.52 -238.07 -177.59 -253.91 -176.64 curveto
-269.83 -175.84 -255.73 -191.19 -257.47 -195.99 curveto
-259.15 -200.58 -284.18 -190.71 -289.71 -193.24 curveto
-295.29 -195.81 -326.71 -203.51 -340.24 -207.12 curveto
-353.77 -210.72 -427.55 -218.69 -443.95 -228.63 curveto stroke
 0 0.9 0.9 0.2 setcmykcolor
newpath 47.22 -105.79 moveto
53.03 -105.02 74.17 -107.24 82.64 -110.58 curveto
91.11 -113.92 68.08 -119.89 63.95 -122.91 curveto
59.83 -125.93 8.44 -130.01 9.1 -131.13 curveto
9.76 -132.24 -0.06 -133.88 -9.81 -140.92 curveto
-19.56 -147.96 -40.99 -151.13 -48.99 -152.5 curveto
-56.99 -153.87 -52.17 -158.1 -54.2 -162.31 curveto
-56.23 -166.53 -107.91 -162.66 -117.63 -162.5 curveto
-127.36 -162.34 -128.44 -169.12 -134.88 -174.9 curveto
-141.32 -180.68 -156.5 -174.82 -164.72 -173.66 curveto
-172.95 -172.49 -187.36 -172.44 -195.28 -172.37 curveto
-203.21 -172.3 -197.77 -178.36 -199.1 -182.98 curveto
-200.43 -187.59 -238.09 -177.63 -253.9 -176.78 curveto
-269.71 -175.93 -255.39 -191.12 -257.08 -195.71 curveto
-258.77 -200.3 -284.19 -190.65 -289.74 -193.23 curveto
-295.28 -195.81 -326.69 -203.49 -340.21 -207.09 curveto
-353.74 -210.68 -427.5 -218.6 -443.89 -228.53 curveto stroke
 0 0 0 1 setcmykcolor 0 1.2 dtransform truncate idtransform setlinewidth pop
newpath 211.43 -55.89 moveto
219.52 -61.29 222.02 -80.94 221.48 -91.01 curveto
220.95 -101.08 197.85 -101.65 189.05 -104.43 curveto
180.25 -107.2 181.32 -120.96 179.29 -125.18 curveto
177.27 -129.4 169.74 -128.63 159.53 -130.61 curveto
149.33 -132.6 136.09 -130.81 129.07 -134.04 curveto
122.04 -137.27 104.9 -147.89 95.08 -149.54 curveto
85.26 -151.18 93.72 -141.17 92.27 -134.6 curveto
90.82 -128.04 81.96 -125.04 93.21 -116.99 curveto
104.45 -108.94 101.59 -108.43 97.17 -103.51 curveto
92.74 -98.58 63.76 -94.52 48.66 -93.71 curveto stroke
 0.6 0.4 0 0.1 setcmykcolor 0 0.84 dtransform truncate idtransform setlinewidth pop
newpath 211.43 -55.89 moveto
219.52 -61.29 222.02 -80.94 221.48 -91.01 curveto
220.95 -101.08 197.85 -101.65 189.05 -104.43 curveto
180.25 -107.2 181.32 -120.96 179.29 -125.18 curveto
177.27 -129.4 169.74 -128.63 159.53 -130.61 curveto
149.33 -132.6 136.09 -130.81 129.07 -134.04 curveto
122.04 -137.27 104.9 -147.89 95.08 -149.54 curveto
85.26 -151.18 93.72 -141.17 92.27 -134.6 curveto
90.82 -128.04 81.96 -125.04 93.21 -116.99 curveto
104.45 -108.94 101.59 -108.43 97.17 -103.51 curveto
92.74 -98.58 63.76 -94.52 48.66 -93.71 curveto stroke
 0 0.9 0.9 0.2 setcmykcolor
newpath 210.97 -56.23 moveto
219.32 -61.73 221.87 -81.33 221.33 -91.39 curveto
220.78 -101.45 197.69 -102.01 188.89 -104.77 curveto
180.1 -107.54 181.16 -121.29 179.13 -125.51 curveto
177.1 -129.72 169.57 -128.96 159.38 -130.93 curveto
149.18 -132.91 135.94 -131.11 128.92 -134.34 curveto
121.9 -137.56 104.76 -148.17 94.94 -149.8 curveto
85.12 -151.44 93.59 -141.44 92.14 -134.88 curveto
90.69 -128.31 81.84 -125.32 93.09 -117.27 curveto
104.33 -109.23 101.48 -108.72 97.06 -103.79 curveto
92.64 -98.87 63.67 -94.79 48.58 -93.97 curveto stroke
 0.83 0.54 0 0 setcmykcolor 0 0.42001
 dtransform truncate idtransform setlinewidth pop
newpath 149.2 -135.11 moveto
151.4944 -134.06746 154.1885 -133.4556 155.90219 -135.15302 curveto
157.9778 -137.20892 161.28328 -137.25322 162.60217 -134.973 curveto
163.91422 -132.70464 167.14137 -132.62354 169.28696 -134.50072 curveto
171.31288 -136.27321 174.43913 -135.83542 175.92442 -133.58249 curveto
177.37862 -131.37672 180.20387 -130.4659 182.37798 -131.81116 curveto
184.40904 -133.06792 186.22833 -130.41264 187.28 -127.58 curveto
187.28 -127.58 lineto stroke
newpath 186.82466 -131.554 moveto
187.21323 -130.45651 187.33301 -129.0038 187.28 -127.58 curveto
187.28 -127.58 lineto
187.28 -127.58 lineto
186.31067 -128.62425 185.19876 -129.56674 184.14793 -130.06801 curveto
 closepath stroke
newpath 186.82466 -131.554 moveto
187.21323 -130.45651 187.33301 -129.0038 187.28 -127.58 curveto
187.28 -127.58 lineto
187.28 -127.58 lineto
186.31067 -128.62425 185.19876 -129.56674 184.14793 -130.06801 curveto
 closepath fill
newpath 167.79 325.8 moveto
165.67952 326.80475 165.27748 329.60522 166.62952 331.7142 curveto
167.80113 333.54175 166.83002 335.81792 165.46841 337.62804 curveto
163.89935 339.71394 162.50233 342.24434 164.30672 343.5422 curveto
166.68059 345.2497 165.91853 348.91199 163.14484 349.45454 curveto
160.94833 349.8842 160.74417 352.84743 161.98187 355.36964 curveto
162.96132 357.36559 162.45322 359.76028 160.8189 361.28192 curveto
159.10625 362.8765 158.38193 365.35094 159.65523 367.19467 curveto
161.28596 369.55595 160.77301 372.64081 158.49097 373.10721 curveto
155.78133 373.661 155.01913 377.2454 157.32559 379.02179 curveto
159.58647 380.76306 158.8596 384.30544 156.15945 384.93616 curveto
153.31747 385.6 152.62613 389.28244 154.99301 390.84769 curveto
156.8953 392.10568 156.11581 395.05713 153.82552 396.75919 curveto
151.78362 398.27664 151.04001 401.01756 152.65622 402.67363 curveto
154.19379 404.24911 152.98032 406.6598 151.486 408.58533 curveto
150.14587 410.31213 149.4202 412.54018 150.3141 414.49614 curveto
151.5816 417.26958 151.3468 420.34242 149.13974 420.4071 curveto
146.76897 420.4766 147.71397 423.66653 147.96222 426.31711 curveto
148.19121 428.76225 148.97842 431.65546 146.77924 432.2281 curveto
144.10443 432.92459 143.39282 436.40305 145.58705 438.1347 curveto
147.50264 439.64647 144.88809 441.86346 144.34 444.03 curveto
144.34 444.03 lineto stroke
newpath 147.31656 441.3579 moveto
146.48392 442.23193 145.09982 443.01051 144.34 444.03 curveto
144.34 444.03 lineto
144.34 444.03 lineto
144.15637 442.77184 144.5845 441.24258 144.5552 440.03578 curveto
 closepath stroke
newpath 147.31656 441.3579 moveto
146.48392 442.23193 145.09982 443.01051 144.34 444.03 curveto
144.34 444.03 lineto
144.34 444.03 lineto
144.15637 442.77184 144.5845 441.24258 144.5552 440.03578 curveto
 closepath fill
newpath 198.14 -14.87 moveto
195.79727 -13.7222 194.78175 -10.93245 196.2722 -9.04054 curveto
198.15425 -6.65157 196.96906 -3.32803 194.4076 -3.21085 curveto
192.155 -3.10779 191.73085 -0.12737 192.54556 2.61943 curveto
193.16013 4.6914 192.10045 6.77843 190.68591 8.45091 curveto
188.88208 10.58371 186.88353 13.03514 188.82838 14.28502 curveto
191.35896 15.91132 190.22737 19.97556 186.9748 20.11688 curveto
184.18715 20.238 182.93207 23.8218 185.1239 25.95174 curveto
186.96852 27.74428 185.97443 30.94046 183.2765 31.78886 curveto
180.98912 32.50818 180.22537 35.34213 181.43411 37.62614 curveto
182.57303 39.77821 181.77373 42.4548 179.59778 43.46399 curveto
177.35712 44.50319 176.47589 47.23476 177.76857 49.30492 curveto
178.96574 51.22214 177.82886 53.6231 175.94922 55.15012 curveto
174.17569 56.59094 173.29437 58.92276 174.14595 60.99893 curveto
175.20363 63.57759 174.64224 66.51813 172.37187 66.85791 curveto
169.88573 67.22998 171.25308 70.53046 170.72 72.75 curveto
170.72 72.75 lineto stroke
newpath 172.35559 69.09973 moveto
171.79416 70.17778 171.46257 71.72816 170.72 72.75 curveto
170.72 72.75 lineto
170.72 72.75 lineto
170.5225 71.50237 169.66068 70.17165 169.29535 69.01236 curveto
 closepath stroke
newpath 172.35559 69.09973 moveto
171.79416 70.17778 171.46257 71.72816 170.72 72.75 curveto
170.72 72.75 lineto
170.72 72.75 lineto
170.5225 71.50237 169.66068 70.17165 169.29535 69.01236 curveto
 closepath fill
newpath 172.96 -132.41 moveto
174.0442 -130.37547 176.66626 -129.8372 178.83495 -130.85542 curveto
181.02495 -131.88365 183.67871 -131.44528 184.72363 -129.40791 curveto
185.7037 -127.497 186.08656 -124.88896 188.22754 -124.62732 curveto
190.4613 -124.35434 190.71255 -121.24689 189.18985 -118.6235 curveto
187.6112 -115.90375 187.30865 -112.77603 189.525 -112.5396 curveto
191.81923 -112.29485 192.25163 -108.86232 189.87204 -106.45624 curveto
188.21262 -104.77835 188.46162 -102.03273 190.23438 -100.37279 curveto
192.01945 -98.7013 192.29514 -95.94348 190.61273 -94.29222 curveto
188.82936 -92.54189 188.99461 -89.62042 191.0095 -88.2107 curveto
192.97633 -86.83458 193.09734 -83.97926 191.42796 -82.1322 curveto
189.70215 -80.22269 189.81116 -77.28586 191.87381 -76.0552 curveto
194.04782 -74.7581 194.27834 -71.69283 192.35646 -69.98053 curveto
190.57628 -68.39449 190.9465 -65.53424 192.8934 -63.91096 curveto
194.66956 -62.43005 194.85661 -59.79669 193.52559 -57.85025 curveto
192.22354 -55.94618 192.67119 -53.37143 194.4234 -51.82538 curveto
196.04288 -50.39645 196.94933 -48.2969 196.64813 -46.16483 curveto
196.32112 -43.84991 197.03406 -41.39635 199.11569 -40.59334 curveto
201.36292 -39.72644 202.35634 -37.1026 201.31163 -34.91138 curveto
200.37721 -32.95145 202.69968 -30.96632 202.09 -28.96 curveto
202.09 -28.96 lineto stroke
newpath 202.8146 -32.8938 moveto
202.66837 -31.55371 202.96132 -30.02065 202.09 -28.96 curveto
202.09 -28.96 lineto
202.09 -28.96 lineto
201.9561 -30.3261 200.66492 -31.20297 199.82071 -32.25397 curveto
 closepath stroke
newpath 202.8146 -32.8938 moveto
202.66837 -31.55371 202.96132 -30.02065 202.09 -28.96 curveto
202.09 -28.96 lineto
202.09 -28.96 lineto
201.9561 -30.3261 200.66492 -31.20297 199.82071 -32.25397 curveto
 closepath fill
newpath -105.74 -231.16 moveto
-104.5017 -229.24164 -101.68765 -229.70454 -99.61961 -231.3102 curveto
-97.57611 -232.89679 -94.71205 -233.0045 -93.50426 -231.01328 curveto
-92.21844 -228.89342 -89.24643 -228.62672 -87.41277 -230.39375 curveto
-85.43806 -232.29669 -82.26262 -231.87144 -81.351 -229.52939 curveto
-80.48245 -227.29799 -77.49434 -226.91269 -75.31921 -228.47166 curveto
-73.21587 -229.97919 -70.2894 -229.4811 -69.31859 -227.25705 curveto
-68.37416 -225.09346 -65.54874 -224.634 -63.34296 -225.91072 curveto
-61.33664 -227.07199 -58.79451 -226.35828 -57.397 -224.45384 curveto
-55.72757 -222.17885 -52.90822 -221.11302 -51.47426 -222.90045 curveto
-49.94048 -224.8123 -46.76994 -223.93135 -45.57233 -221.26218 curveto
-44.32085 -218.4729 -41.09052 -217.58185 -39.69246 -219.54927 curveto
-38.1282 -221.75056 -34.4876 -220.82132 -33.83318 -217.76953 curveto
-33.10458 -214.37186 -29.20776 -213.61375 -27.99455 -215.92972 curveto
-26.92482 -217.97179 -23.60403 -217.09262 -22.17233 -214.03418 curveto
-21.00166 -211.53337 -18.11046 -210.44098 -16.36568 -212.08733 curveto
-14.6998 -213.65923 -12.06168 -212.3695 -10.57533 -210.09343 curveto
-9.37943 -208.2621 -7.02048 -207.80064 -4.80151 -208.05598 curveto
-2.20695 -208.35455 0.6775 -208.21133 0.95853 -205.97697 curveto
1.27054 -203.49617 4.31837 -202.3943 6.70493 -203.85887 curveto
9.06862 -205.30942 12.09946 -204.19315 12.43698 -201.7043 curveto
12.78745 -199.12003 15.89316 -197.9241 18.15451 -199.51596 curveto
20.814 -201.38808 24.14067 -199.82005 23.86177 -197.2972 curveto
23.5631 -194.59549 27.40312 -195.8993 29.57 -195.08 curveto
29.57 -195.08 lineto stroke
newpath 26.05774 -196.99422 moveto
27.12854 -196.387 28.67822 -195.91779 29.57 -195.08 curveto
29.57 -195.08 lineto
29.57 -195.08 lineto
28.34702 -195.04181 26.91946 -194.27777 25.73294 -193.94994 curveto
 closepath stroke
newpath 26.05774 -196.99422 moveto
27.12854 -196.387 28.67822 -195.91779 29.57 -195.08 curveto
29.57 -195.08 lineto
29.57 -195.08 lineto
28.34702 -195.04181 26.91946 -194.27777 25.73294 -193.94994 curveto
 closepath fill
newpath 312.96 -320.78 moveto
310.64594 -320.70938 308.12122 -320.27007 307.44208 -318.17795 curveto
306.49022 -315.24576 303.5279 -313.83655 301.93567 -315.55307 curveto
300.0066 -317.6327 296.37363 -316.07222 296.43555 -312.90996 curveto
296.48404 -310.43367 293.52898 -309.00034 290.94511 -310.25249 curveto
288.69133 -311.34468 286.01027 -310.03326 285.4619 -307.58046 curveto
284.97256 -305.39177 282.40846 -304.64923 279.98405 -304.89348 curveto
277.35236 -305.1586 274.5827 -304.43958 274.51433 -302.19312 curveto
274.44362 -299.87016 271.67807 -298.75342 269.05214 -299.47906 curveto
266.2105 -300.26431 263.3421 -299.03505 263.59329 -296.7491 curveto
263.84525 -294.45602 260.97908 -293.1935 258.1446 -294.00632 curveto
255.85649 -294.66246 253.4291 -293.48586 252.70625 -291.25047 curveto
252.019 -289.12512 249.60336 -288.28212 247.2702 -288.47696 curveto
244.65317 -288.69551 241.90987 -287.93564 241.84406 -285.68907 curveto
241.76483 -282.98454 238.7367 -281.41194 236.42717 -282.88582 curveto
234.23264 -284.28632 231.31815 -282.76755 231.01567 -280.06438 curveto
230.75024 -277.69234 228.08945 -276.4418 225.61694 -277.22772 curveto
223.32874 -277.95506 220.88454 -276.67299 220.22758 -274.37305 curveto
219.46838 -271.71515 216.81259 -270.15623 214.84737 -271.4991 curveto
212.68059 -272.97969 209.69429 -271.39252 209.47522 -268.60397 curveto
209.2569 -265.82506 206.29138 -264.23137 204.11879 -265.69032 curveto
201.89427 -267.18416 198.87143 -265.54579 198.77138 -262.75285 curveto
198.66145 -259.684 195.40804 -258.0464 193.43556 -259.79108 curveto
191.56993 -261.44125 188.49115 -259.848 188.11879 -256.80695 curveto
187.82295 -254.3908 185.23006 -252.99721 182.81033 -253.79199 curveto
180.663 -254.49731 178.54959 -252.91982 177.5233 -250.75076 curveto
176.55002 -248.69376 174.46852 -247.33394 172.2534 -247.67749 curveto
169.77199 -248.06233 167.25768 -246.86592 167.00674 -244.5719 curveto
166.6243 -241.07552 163.26324 -239.56485 161.77802 -241.42622 curveto
160.33153 -243.23904 157.11559 -241.69672 156.57741 -238.24112 curveto
156.16653 -235.60294 153.5949 -233.91463 151.40103 -235.00746 curveto
148.73781 -236.3341 145.7749 -234.33035 146.26154 -231.72505 curveto
146.67778 -229.49658 143.98175 -228.17989 141.15646 -228.38216 curveto
138.88547 -228.54474 136.79378 -227.14069 136.09859 -224.9741 curveto
135.32825 -222.57332 133.25124 -220.73357 131.09149 -221.48631 curveto
128.6393 -222.34099 126.08685 -220.49399 126.1528 -217.90817 curveto
126.21309 -215.54456 123.83209 -213.9286 121.29642 -214.21776 curveto
118.77696 -214.50505 116.45981 -212.7776 116.54913 -210.38809 curveto
116.63622 -208.05852 114.43057 -206.3741 111.95168 -206.37724 curveto
109.33183 -206.38055 107.1149 -204.44527 107.58177 -202.12369 curveto
108.03279 -199.88097 106.02477 -198.01282 103.58995 -197.51476 curveto
101.38676 -197.06407 101.44443 -194.21706 100.37 -192.35 curveto
100.37 -192.35 lineto stroke
newpath 103.14525 -195.23062 moveto
102.19308 -194.43452 101.4048 -193.14635 100.37 -192.35 curveto
100.37 -192.35 lineto
100.37 -192.35 lineto
100.53859 -193.64482 100.18509 -195.11308 100.29543 -196.3493 curveto
 closepath stroke
newpath 103.14525 -195.23062 moveto
102.19308 -194.43452 101.4048 -193.14635 100.37 -192.35 curveto
100.37 -192.35 lineto
100.37 -192.35 lineto
100.53859 -193.64482 100.18509 -195.11308 100.29543 -196.3493 curveto
 closepath fill
newpath 523.45 -456.16 moveto
521.34872 -457.01941 519.40314 -455.02861 518.30748 -452.73251 curveto
517.217 -450.44725 515.27441 -448.47 513.16263 -449.30414 curveto
510.96497 -450.1722 508.68483 -448.38994 508.0198 -445.87758 curveto
507.45308 -443.73662 505.13649 -442.81378 502.87558 -442.45056 curveto
500.6107 -442.08672 498.28322 -441.17125 497.73352 -439.02539 curveto
497.17618 -436.84969 494.90952 -435.73178 492.58919 -435.59915 curveto
490.1893 -435.46198 487.77971 -434.40599 487.44421 -432.17291 curveto
487.04617 -429.52359 484.54543 -427.74814 482.29895 -428.7469 curveto
480.06052 -429.7421 477.57382 -427.96559 477.1533 -425.32108 curveto
476.70996 -422.53297 474.12897 -420.70355 472.00945 -421.89691 curveto
469.9164 -423.07536 467.39644 -421.2356 466.86313 -418.47159 curveto
466.40573 -416.10104 464.09099 -414.57092 461.71754 -415.04724 curveto
459.33661 -415.52505 457.01018 -413.99776 456.5712 -411.62294 curveto
456.11925 -409.17784 453.76979 -407.55031 451.42671 -408.20044 curveto
448.64647 -408.97186 445.91888 -407.20981 446.28064 -404.77747 curveto
446.74625 -401.6469 443.37646 -399.58675 441.13553 -401.35576 curveto
439.35097 -402.76451 437.15373 -400.62502 435.98543 -397.93143 curveto
434.71938 -395.01248 432.37813 -392.85287 430.83946 -394.5106 curveto
429.00108 -396.49126 425.31152 -394.62903 425.69167 -391.08937 curveto
425.93535 -388.82039 423.2507 -387.67886 420.54462 -387.66954 curveto
418.21454 -387.6615 415.9828 -386.43925 415.39478 -384.24883 curveto
414.68633 -381.60986 412.33644 -379.75261 410.24837 -380.83153 curveto
408.23209 -381.87335 406.37213 -379.68257 405.09645 -377.41182 curveto
403.83661 -375.16928 401.98767 -373.01227 399.94586 -373.99443 curveto
397.7926 -375.0302 395.38261 -373.21944 394.79552 -370.57892 curveto
394.15282 -367.68832 391.57965 -365.8186 389.64383 -367.16449 curveto
387.7644 -368.47118 385.47768 -366.46304 384.49037 -363.75134 curveto
383.62582 -361.3768 381.51309 -359.57095 379.33784 -360.34187 curveto
377.11488 -361.12971 374.86542 -359.38945 374.18124 -356.93373 curveto
373.57724 -354.76581 371.3379 -353.61206 369.02269 -353.52994 curveto
366.74594 -353.44919 364.59225 -352.24992 363.85922 -350.1317 curveto
363.04732 -347.78554 360.90657 -346.0655 358.68782 -346.74509 curveto
356.44753 -347.43126 355.34482 -344.54419 353.48 -343.42 curveto
353.48 -343.42 lineto stroke
newpath 357.21802 -344.84392 moveto
356.02222 -344.48003 354.75629 -343.61263 353.48 -343.42 curveto
353.48 -343.42 lineto
353.48 -343.42 lineto
354.24625 -344.4587 354.52802 -345.96718 355.11624 -347.07008 curveto
 closepath stroke
newpath 357.21802 -344.84392 moveto
356.02222 -344.48003 354.75629 -343.61263 353.48 -343.42 curveto
353.48 -343.42 lineto
353.48 -343.42 lineto
354.24625 -344.4587 354.52802 -345.96718 355.11624 -347.07008 curveto
 closepath fill
 0 0 0 1 setcmykcolor 0 1.2 dtransform truncate idtransform setlinewidth pop
newpath 72.2 -132.45 moveto
76.96 -130.91 80.81 -143.34 73.04 -143.68 curveto
58.05 -144.32 55.73 -172.78 67.56 -172.22 curveto stroke
 0.6 0.4 0 0.1 setcmykcolor 0 0.84 dtransform truncate idtransform setlinewidth pop
newpath 72.2 -132.45 moveto
76.96 -130.91 80.81 -143.34 73.04 -143.68 curveto
58.05 -144.32 55.73 -172.78 67.56 -172.22 curveto stroke
 0 0.9 0.9 0.2 setcmykcolor
newpath 72.08 -132.72 moveto
76.84 -131.17 80.68 -143.6 72.91 -143.93 curveto
57.92 -144.57 55.58 -173.01 67.41 -172.47 curveto stroke
 0 0 0 1 setcmykcolor 0 1.2 dtransform truncate idtransform setlinewidth pop
newpath 67.56 -172.22 moveto
80.32 -169.48 57.1 -179.06 57.1 -179.06 curveto stroke
 0.6 0.4 0 0.1 setcmykcolor 0 0.84 dtransform truncate idtransform setlinewidth pop
newpath 67.56 -172.22 moveto
80.32 -169.48 57.1 -179.06 57.1 -179.06 curveto stroke
 0 0.9 0.9 0.2 setcmykcolor
newpath 67.41 -172.47 moveto
80.17 -169.73 56.95 -179.29 56.95 -179.29 curveto stroke
 0 0 0 1 setcmykcolor 0 1.2 dtransform truncate idtransform setlinewidth pop
newpath 59.87 -181.19 moveto
75.36 -171.2 87.39 -172.01 95.76 -170.66 curveto
104.12 -169.3 126.56 -147.25 134.38 -142.62 curveto
142.2 -137.98 174.46 -141.51 186.46 -139.62 curveto
198.46 -137.73 193.77 -124.14 195.11 -119.17 curveto
196.46 -114.19 214.95 -112.3 228.35 -104.36 curveto
241.75 -96.4 239.81 -78.23 241.56 -71.42 curveto stroke
 0.6 0.4 0 0.1 setcmykcolor 0 0.84 dtransform truncate idtransform setlinewidth pop
newpath 59.87 -181.19 moveto
75.36 -171.2 87.4 -172.01 95.76 -170.66 curveto
104.12 -169.3 126.56 -147.25 134.38 -142.62 curveto
142.2 -137.98 174.46 -141.5 186.46 -139.62 curveto
198.46 -137.73 193.77 -124.14 195.11 -119.17 curveto
196.46 -114.19 214.94 -112.29 228.35 -104.36 curveto
241.74 -96.4 239.81 -78.23 241.56 -71.42 curveto stroke
 0 0.9 0.9 0.2 setcmykcolor
newpath 59.72 -181.42 moveto
75.21 -171.44 87.24 -172.27 95.6 -170.92 curveto
103.96 -169.57 126.41 -147.54 134.23 -142.91 curveto
142.04 -138.29 174.29 -141.83 186.28 -139.95 curveto
198.27 -138.07 193.6 -124.49 194.95 -119.51 curveto
196.3 -114.54 214.78 -112.66 228.17 -104.73 curveto
241.57 -96.8 239.67 -78.68 241.47 -71.93 curveto stroke
 0.83 0.54 0 0 setcmykcolor 0 0.42001
 dtransform truncate idtransform setlinewidth pop
newpath 44.99 -186.53 moveto
44.52133 -183.75449 47.96657 -181.7863 50.66577 -183.68044 curveto
53.1124 -185.39734 56.42899 -183.6949 56.34447 -180.83775 curveto
56.26875 -178.27869 59.30913 -176.77502 62.02798 -178.00247 curveto
64.1268 -178.95 66.13106 -177.06604 67.71638 -175.17932 curveto
69.40161 -173.17374 71.48047 -171.07748 73.41653 -172.37923 curveto
75.34834 -173.6781 77.46822 -171.66978 79.18472 -169.7249 curveto
80.65337 -168.06085 83.15857 -168.47737 85.27 -167.94 curveto
85.27 -167.94 lineto stroke
newpath 81.84663 -170.00905 moveto
82.887 -169.25287 84.21236 -168.73062 85.27 -167.94 curveto
85.27 -167.94 lineto
85.27 -167.94 lineto
83.96309 -167.75116 82.65662 -167.18326 81.38628 -166.98228 curveto
 closepath stroke
newpath 81.84663 -170.00905 moveto
82.887 -169.25287 84.21236 -168.73062 85.27 -167.94 curveto
85.27 -167.94 lineto
85.27 -167.94 lineto
83.96309 -167.75116 82.65662 -167.18326 81.38628 -166.98228 curveto
 closepath fill
newpath 91.85 -179.82 moveto
90.51074 -177.84435 91.21562 -175.17296 93.19783 -173.71938 curveto
94.97717 -172.41455 95.20967 -170.00641 95.09088 -167.76683 curveto
94.93387 -164.80637 95.67056 -161.77892 97.92387 -162.21477 curveto
100.17819 -162.65082 102.19373 -160.91539 102.89842 -158.61528 curveto
103.55719 -156.4651 106.26445 -156.36888 108.28 -155.46 curveto
108.28 -155.46 lineto stroke
newpath 105.32903 -158.1603 moveto
106.13828 -157.20717 107.37776 -156.41986 108.28 -155.46 curveto
108.28 -155.46 lineto
108.28 -155.46 lineto
106.9633 -155.50073 105.53015 -155.18098 104.28395 -155.28267 curveto
 closepath stroke
newpath 105.32903 -158.1603 moveto
106.13828 -157.20717 107.37776 -156.41986 108.28 -155.46 curveto
108.28 -155.46 lineto
108.28 -155.46 lineto
106.9633 -155.50073 105.53015 -155.18098 104.28395 -155.28267 curveto
 closepath fill
newpath 99.4 -180.04 moveto
97.26761 -178.78291 96.80888 -175.90907 98.26915 -173.83263 curveto
99.77582 -171.69019 100.97803 -169.05453 99.17874 -167.61581 curveto
96.75206 -165.67542 99.26216 -161.19043 103.09619 -162.77654 curveto
105.38266 -163.72243 107.8553 -161.95941 108.40791 -159.33772 curveto
108.8737 -157.12791 111.50775 -156.62402 113.33 -155.37 curveto
113.33 -155.37 lineto stroke
newpath 110.85791 -158.51462 moveto
111.53044 -157.44328 112.61382 -156.47432 113.33 -155.37 curveto
113.33 -155.37 lineto
113.33 -155.37 lineto
112.04271 -155.64442 110.59148 -155.56349 109.35837 -155.84549 curveto
 closepath stroke
newpath 110.85791 -158.51462 moveto
111.53044 -157.44328 112.61382 -156.47432 113.33 -155.37 curveto
113.33 -155.37 lineto
113.33 -155.37 lineto
112.04271 -155.64442 110.59148 -155.56349 109.35837 -155.84549 curveto
 closepath fill
 0 0 0 1 setcmykcolor 0 1.2 dtransform truncate idtransform setlinewidth pop
newpath 144.53 474.66 moveto
147.19 463.71 166.07 391.69 168.31 372.82 curveto
170.55 353.95 177.12 308.18 176.28 292.36 curveto
175.44 276.54 179.14 237.77 180.22 230.87 curveto
181.29 223.96 186.34 183.32 187.2 172.45 curveto
188.07 161.59 195.56 160.11 186.06 157.73 curveto
176.56 155.36 162.39 166.93 163.9 154.59 curveto
165.41 142.25 169.63 126.88 170.74 120.69 curveto
171.86 114.51 175.41 99.9 177.86 84.99 curveto
180.31 70.08 182.98 38.93 186.91 31.51 curveto
190.84 24.09 201.29 10.17 207.87 -1.72 curveto
214.45 -13.61 230.88 -34.31 230.27 -38.81 curveto
229.68 -43.21 244.98 -65.05 241.56 -71.42 curveto stroke
 0.6 0.4 0 0.1 setcmykcolor 0 0.84 dtransform truncate idtransform setlinewidth pop
newpath 144.54 474.65 moveto
147.19 463.7 166.07 391.68 168.31 372.82 curveto
170.55 353.95 177.12 308.18 176.28 292.36 curveto
175.44 276.54 179.14 237.77 180.22 230.87 curveto
181.29 223.96 186.34 183.32 187.2 172.45 curveto
188.07 161.59 195.56 160.11 186.06 157.73 curveto
176.56 155.36 162.39 166.93 163.9 154.59 curveto
165.4 142.25 169.63 126.88 170.74 120.69 curveto
171.86 114.51 175.41 99.9 177.86 84.99 curveto
180.31 70.08 182.98 38.93 186.91 31.51 curveto
190.84 24.09 201.29 10.17 207.87 -1.72 curveto
214.45 -13.61 230.9 -34.32 230.27 -38.81 curveto
229.7 -43.22 244.98 -65.05 241.56 -71.42 curveto stroke
 0 0.9 0.9 0.2 setcmykcolor
newpath 144.8 474.89 moveto
147.45 463.94 166.28 391.93 168.5 373.07 curveto
170.73 354.21 177.28 308.46 176.42 292.65 curveto
175.57 276.84 179.25 238.08 180.32 231.18 curveto
181.39 224.27 186.41 183.64 187.27 172.79 curveto
188.12 161.93 195.61 160.45 186.11 158.07 curveto
176.62 155.7 162.46 167.28 163.96 154.94 curveto
165.46 142.61 169.68 127.25 170.79 121.06 curveto
171.89 114.88 175.43 100.27 177.87 85.37 curveto
180.31 70.46 182.96 39.33 186.89 31.91 curveto
190.81 24.49 201.23 10.6 207.8 -1.29 curveto
214.37 -13.18 230.91 -33.89 230.3 -38.54 curveto
229.69 -43.19 245.05 -65.64 241.47 -71.93 curveto stroke
 0 0 0 1 setcmykcolor 0 3.98505 dtransform truncate idtransform setlinewidth pop
newpath 230.27 -38.81 moveto 0 0 rlineto stroke
newpath 226.53 -51.29 moveto 0 0 rlineto stroke
 0 0.84 dtransform truncate idtransform setlinewidth pop
newpath 230.27 -38.81 moveto
226.53 -51.29 lineto stroke
 1 0.85 0 setrgbcolor 0 3.98505 dtransform truncate idtransform setlinewidth pop
newpath 230.3 -38.54 moveto 0 0 rlineto stroke
newpath 226.35 -51.66 moveto 0 0 rlineto stroke
 0 0.84 dtransform truncate idtransform setlinewidth pop
newpath 230.27 -38.81 moveto
230.3 -38.54 lineto
226.35 -51.66 lineto
226.53 -51.29 lineto stroke
showpage
%%EOF
