%!PS
%%BoundingBox: -328 -322 315 316 
%%HiResBoundingBox: -327.02008 -321.54001 314.07008 315.29004 
%%Creator: MetaPost 2.11
%%CreationDate: 2025.10.14:2236
%%Pages: 1
%%BeginProlog
%%EndProlog
%%Page: 1 1
 0 0 0 1 setcmykcolor 0 1.2 dtransform truncate idtransform setlinewidth pop
 [] 0 setdash 1 setlinecap 1 setlinejoin 10 setmiterlimit
newpath -174.45 301.09 moveto
-175.94 279.9 -164.59 276.41 -153.22 280.13 curveto
-141.84 283.85 -129.71 295.11 -120.86 292.11 curveto
-112 289.12 -108.78 295.43 -104.74 283.32 curveto
-100.7 271.21 -93.84 257.87 -100.48 254.98 curveto
-107.12 252.09 -132.18 248.73 -128.28 240.59 curveto
-124.39 232.46 -118.83 228.56 -118.82 215.22 curveto
-118.81 201.88 -116.21 182.99 -115.69 172.51 curveto
-115.16 162.03 -109.18 139 -113.59 137.43 curveto
-134.66 129.94 -58.77 144.61 -57.71 144.19 curveto
-56.65 143.77 -2.45 166.48 -4.08 156.11 curveto
-5.72 145.75 -9.87 135.51 -1.78 145.18 curveto stroke
 0.6 0.4 0 0.1 setcmykcolor 0 0.84 dtransform truncate idtransform setlinewidth pop
newpath -174.45 301.09 moveto
-175.94 279.9 -164.59 276.41 -153.22 280.13 curveto
-141.84 283.85 -129.71 295.11 -120.86 292.11 curveto
-112 289.12 -108.78 295.43 -104.74 283.32 curveto
-100.7 271.21 -93.84 257.87 -100.48 254.98 curveto
-107.12 252.09 -132.18 248.73 -128.28 240.59 curveto
-124.39 232.46 -118.83 228.56 -118.82 215.22 curveto
-118.81 201.88 -116.21 182.99 -115.69 172.51 curveto
-115.16 162.03 -109.18 139 -113.59 137.43 curveto
-134.66 129.94 -58.77 144.61 -57.71 144.19 curveto
-56.65 143.77 -2.45 166.48 -4.08 156.11 curveto
-5.72 145.75 -9.87 135.51 -1.78 145.18 curveto stroke
 0 0.9 0.9 0.2 setcmykcolor
newpath -174.45 301.09 moveto
-175.94 279.9 -164.59 276.42 -153.22 280.14 curveto
-141.84 283.86 -129.71 295.11 -120.86 292.11 curveto
-112 289.12 -108.78 295.44 -104.74 283.32 curveto
-100.7 271.21 -93.84 257.87 -100.48 254.98 curveto
-107.12 252.09 -132.18 248.73 -128.28 240.59 curveto
-124.39 232.46 -118.83 228.56 -118.82 215.22 curveto
-118.81 201.88 -116.21 182.99 -115.69 172.51 curveto
-115.16 162.03 -109.18 139 -113.59 137.43 curveto
-134.67 129.93 -58.77 144.6 -57.71 144.19 curveto
-56.65 143.77 -2.45 166.48 -4.08 156.11 curveto
-5.71 145.75 -9.86 135.51 -1.78 145.18 curveto stroke
 0 0 0 1 setcmykcolor 0 1.2 dtransform truncate idtransform setlinewidth pop
newpath -182.02 301.14 moveto
-182.94 283.88 -184.47 289.01 -190.47 284.64 curveto
-196.47 280.28 -210.29 271.28 -219.34 270.68 curveto
-228.38 270.08 -263.17 253.18 -280.42 247.25 curveto
-297.68 241.32 -304.01 237.69 -316.8 234.4 curveto stroke
 0.6 0.4 0 0.1 setcmykcolor 0 0.84 dtransform truncate idtransform setlinewidth pop
newpath -182.02 301.14 moveto
-182.94 283.88 -184.47 289.01 -190.47 284.64 curveto
-196.47 280.27 -210.29 271.28 -219.34 270.68 curveto
-228.38 270.08 -263.17 253.18 -280.42 247.25 curveto
-297.68 241.32 -304.01 237.69 -316.8 234.4 curveto stroke
 0 0.9 0.9 0.2 setcmykcolor
newpath -182.02 301.14 moveto
-182.94 283.88 -184.47 289.01 -190.47 284.64 curveto
-196.47 280.28 -210.29 271.28 -219.33 270.68 curveto
-228.38 270.08 -263.17 253.18 -280.43 247.25 curveto
-297.68 241.32 -304.01 237.69 -316.8 234.41 curveto stroke
 0 0 0 1 setcmykcolor 0 1.2 dtransform truncate idtransform setlinewidth pop
newpath 147.31 196.36 moveto
148.16 191.99 150.48 167.71 154.16 155.62 curveto
157.84 143.53 136.24 150.81 128.65 150.49 curveto
121.06 150.18 122.23 145.06 112.84 137.99 curveto
103.45 130.92 114.2 156.67 115.85 167.4 curveto
117.5 178.12 117.25 173.45 113.59 179.05 curveto
109.92 184.65 85.6 181.62 64.11 177.36 curveto
42.61 173.09 42.76 169.12 32.31 162.47 curveto
21.86 155.81 6.47 151.23 -1.78 145.18 curveto stroke
 0.6 0.4 0 0.1 setcmykcolor 0 0.84 dtransform truncate idtransform setlinewidth pop
newpath 147.31 196.36 moveto
148.16 191.99 150.48 167.72 154.16 155.62 curveto
157.84 143.53 136.24 150.81 128.65 150.49 curveto
121.06 150.17 122.23 145.06 112.84 137.99 curveto
103.45 130.93 114.2 156.67 115.85 167.4 curveto
117.5 178.12 117.25 173.45 113.59 179.05 curveto
109.92 184.65 85.6 181.62 64.11 177.36 curveto
42.61 173.1 42.76 169.12 32.31 162.47 curveto
21.86 155.82 6.47 151.23 -1.78 145.18 curveto stroke
 0 0.9 0.9 0.2 setcmykcolor
newpath 147.31 196.36 moveto
148.16 191.99 150.48 167.71 154.16 155.62 curveto
157.84 143.53 136.24 150.81 128.65 150.49 curveto
121.06 150.17 122.23 145.06 112.84 137.99 curveto
103.45 130.92 114.2 156.67 115.85 167.39 curveto
117.5 178.12 117.25 173.45 113.59 179.05 curveto
109.92 184.65 85.6 181.62 64.11 177.36 curveto
42.61 173.1 42.76 169.12 32.31 162.47 curveto
21.86 155.81 6.48 151.23 -1.78 145.18 curveto stroke
 0 0 0 1 setcmykcolor 0 1.2 dtransform truncate idtransform setlinewidth pop
newpath 268.01 93.33 moveto
259.68 92.69 260.04 92.67 248.78 91.11 curveto
237.52 89.54 190.68 76.53 186.31 75.68 curveto
181.94 74.83 176.42 72.6 173.22 73.49 curveto
170.02 74.39 158.84 175.92 155.22 195.94 curveto stroke
 0.6 0.4 0 0.1 setcmykcolor 0 0.84 dtransform truncate idtransform setlinewidth pop
newpath 268.01 93.33 moveto
259.68 92.69 260.04 92.67 248.78 91.11 curveto
237.52 89.54 190.68 76.53 186.31 75.68 curveto
181.94 74.83 176.42 72.6 173.22 73.49 curveto
170.02 74.38 158.84 175.92 155.22 195.94 curveto stroke
 0 0.9 0.9 0.2 setcmykcolor
newpath 268.01 93.32 moveto
259.68 92.68 260.04 92.66 248.78 91.1 curveto
237.52 89.54 190.69 76.53 186.31 75.68 curveto
181.94 74.83 176.42 72.6 173.22 73.49 curveto
170.02 74.38 158.84 175.92 155.22 195.94 curveto stroke
 0 0 0 1 setcmykcolor 0 1.2 dtransform truncate idtransform setlinewidth pop
newpath 266.71 82.58 moveto
255.11 81.39 230.01 83.81 228.51 75.96 curveto
227.01 68.11 225.61 28.16 232.1 28.18 curveto
238.58 28.19 248.82 30.89 254.21 30.61 curveto
259.6 30.32 258.26 5.16 258.39 -6.03 curveto
258.52 -17.21 259.45 -74.22 260.77 -83.3 curveto
262.09 -92.39 269.72 -111.54 270.45 -118.07 curveto
271.19 -124.6 280.56 -171.96 280.96 -178.11 curveto
281.35 -184.26 288.15 -239.42 289.41 -256.43 curveto
290.66 -273.44 297.5 -307.7 300.16 -318.66 curveto stroke
 0.6 0.4 0 0.1 setcmykcolor 0 0.84 dtransform truncate idtransform setlinewidth pop
newpath 266.71 82.58 moveto
255.11 81.39 230.01 83.81 228.51 75.96 curveto
227.01 68.11 225.61 28.16 232.1 28.18 curveto
238.58 28.19 248.82 30.89 254.21 30.61 curveto
259.6 30.32 258.26 5.16 258.39 -6.03 curveto
258.52 -17.21 259.45 -74.22 260.77 -83.3 curveto
262.09 -92.39 269.72 -111.54 270.45 -118.07 curveto
271.19 -124.6 280.56 -171.96 280.96 -178.11 curveto
281.35 -184.26 288.15 -239.42 289.41 -256.43 curveto
290.66 -273.44 297.49 -307.69 300.15 -318.65 curveto stroke
 0 0.9 0.9 0.2 setcmykcolor
newpath 266.71 82.58 moveto
255.11 81.39 230.01 83.81 228.51 75.96 curveto
227.01 68.11 225.6 28.16 232.09 28.18 curveto
238.58 28.19 248.82 30.89 254.21 30.61 curveto
259.61 30.32 258.27 5.16 258.39 -6.03 curveto
258.52 -17.21 259.45 -74.22 260.77 -83.3 curveto
262.09 -92.39 269.72 -111.54 270.45 -118.07 curveto
271.19 -124.59 280.56 -171.96 280.96 -178.11 curveto
281.35 -184.26 288.15 -239.42 289.41 -256.43 curveto
290.66 -273.44 297.49 -307.69 300.15 -318.65 curveto stroke
 0.83 0.54 0 0 setcmykcolor 0 0.42001
 dtransform truncate idtransform setlinewidth pop
newpath 287.6 -276.89 moveto
285.71979 -275.47014 285.42569 -272.76646 286.88681 -270.89136 curveto
288.68712 -268.58096 288.41594 -265.4495 286.17351 -264.89265 curveto
283.93921 -264.33784 283.68843 -261.21991 285.46016 -258.89429 curveto
286.79935 -257.13644 286.18605 -254.6955 284.74663 -252.8952 curveto
283.12814 -250.87097 282.2333 -248.20529 284.03311 -246.89697 curveto
285.84938 -245.57669 285.09433 -242.8351 283.31946 -240.89845 curveto
281.41074 -238.81575 280.63354 -235.94572 282.60562 -234.89919 curveto
284.93993 -233.66042 284.62337 -230.08467 281.89166 -228.9002 curveto
279.81932 -228.00165 279.84836 -225.15616 281.1777 -222.9024 curveto
282.3034 -220.9939 281.93652 -218.58366 280.4633 -216.90271 curveto
278.97939 -215.20953 278.56956 -212.78445 279.74883 -210.90442 curveto
280.91998 -209.03731 280.45943 -206.64041 279.03394 -204.90573 curveto
277.56116 -203.11351 276.94995 -200.651 278.31851 -198.907 curveto
279.95134 -196.82623 279.74838 -193.86868 277.60205 -192.90855 curveto
275.40282 -191.92476 277.14838 -189.07591 276.88 -186.91 curveto
276.88 -186.91 lineto stroke
newpath 278.03026 -190.74104 moveto
277.592 -189.59982 277.50778 -188.01671 276.88 -186.91 curveto
276.88 -186.91 lineto
276.88 -186.91 lineto
276.54132 -188.13646 275.48143 -189.31543 274.98436 -190.43227 curveto
 closepath stroke
newpath 278.03026 -190.74104 moveto
277.592 -189.59982 277.50778 -188.01671 276.88 -186.91 curveto
276.88 -186.91 lineto
276.88 -186.91 lineto
276.54132 -188.13646 275.48143 -189.31543 274.98436 -190.43227 curveto
 closepath fill
 0 0 0 1 setcmykcolor 0 0.6 dtransform truncate idtransform setlinewidth pop
newpath 311.36993 -171.08003 moveto
311.36993 -169.47993 313.77008 -169.47993 313.77008 -171.08003 curveto
313.77008 -172.19702 312.57 -172.96304 312.57 -174.08003 curveto stroke
 0 1.44 dtransform truncate idtransform setlinewidth pop
newpath 312.57 -175.87996 moveto 0 0 rlineto stroke
 0 1.99252 dtransform truncate idtransform setlinewidth pop
newpath 312.57 -173.48 moveto 0 0 rlineto stroke
 0.6 0.4 0 0.1 setcmykcolor
newpath 312.57 -173.48 moveto 0 0 rlineto stroke
 0 0.9 0.9 0.2 setcmykcolor
newpath 312.57 -173.48 moveto 0 0 rlineto stroke
 0 0 0 1 setcmykcolor 0 1.2 dtransform truncate idtransform setlinewidth pop
newpath -104.22 117.1 moveto
-107.79 124.5 -111.7 125.43 -111.79 130.49 curveto
-111.89 135.54 -60.4 134.24 -58.19 135.2 curveto
-55.97 136.17 -24.5 144.94 -14.59 148.38 curveto
-4.67 151.82 -13.29 138.94 -13.25 132.81 curveto
-13.22 126.68 12.54 143.33 22.71 151.44 curveto
32.88 159.55 49.63 162.63 58.64 169.36 curveto
67.65 176.09 86.87 171.46 93.43 172.91 curveto
100 174.37 102.32 170.64 107.92 167.46 curveto
113.52 164.28 105.73 139.82 103.92 126.21 curveto
102.11 112.61 112.68 128.27 117.15 130.91 curveto
121.62 133.56 126.43 135.83 132.43 140.2 curveto
138.43 144.56 151.25 141.72 155.23 141.87 curveto
159.2 142.01 165.44 76.43 167.63 70.19 curveto
169.83 63.94 162.43 67.22 155.31 62.19 curveto
148.19 57.16 155.08 51.03 162.63 50.63 curveto
170.17 50.22 169.28 47.03 174.07 48.93 curveto
178.86 50.84 177.03 57.07 182.31 61.47 curveto
187.59 65.87 210.47 68.99 217.87 72.56 curveto
225.27 76.13 222.29 26.9 222.93 18.57 curveto
223.57 10.24 231.8 15.94 242.4 18.62 curveto
252.99 21.3 247.76 -36.47 250.76 -54.65 curveto
253.76 -72.84 251.68 -71.28 250.8 -80.97 curveto
249.93 -90.66 255.5 -121.24 260.96 -140.63 curveto
266.42 -160.03 267.09 -167.64 270.3 -181.87 curveto
273.51 -196.1 279.55 -245.09 280.44 -248.74 curveto
281.33 -252.39 285.56 -308.51 288.86 -320.94 curveto stroke
 0.6 0.4 0 0.1 setcmykcolor 0 0.84 dtransform truncate idtransform setlinewidth pop
newpath -104.22 117.1 moveto
-107.79 124.5 -111.7 125.43 -111.79 130.49 curveto
-111.89 135.54 -60.4 134.24 -58.19 135.2 curveto
-55.97 136.17 -24.5 144.94 -14.59 148.38 curveto
-4.67 151.82 -13.29 138.94 -13.25 132.81 curveto
-13.22 126.68 12.54 143.33 22.71 151.44 curveto
32.88 159.55 49.62 162.63 58.64 169.36 curveto
67.65 176.09 86.87 171.46 93.43 172.91 curveto
100 174.37 102.32 170.64 107.92 167.46 curveto
113.52 164.28 105.73 139.82 103.92 126.21 curveto
102.11 112.61 112.68 128.27 117.15 130.91 curveto
121.62 133.56 126.43 135.83 132.43 140.2 curveto
138.43 144.56 151.25 141.72 155.23 141.87 curveto
159.2 142.01 165.44 76.43 167.63 70.19 curveto
169.83 63.94 162.43 67.22 155.31 62.19 curveto
148.19 57.16 155.08 51.03 162.63 50.63 curveto
170.17 50.22 169.28 47.03 174.07 48.93 curveto
178.86 50.84 177.03 57.07 182.31 61.47 curveto
187.59 65.87 210.47 68.99 217.87 72.56 curveto
225.27 76.13 222.29 26.9 222.93 18.57 curveto
223.57 10.24 231.81 15.93 242.4 18.62 curveto
252.99 21.3 247.76 -36.47 250.76 -54.65 curveto
253.76 -72.83 251.68 -71.28 250.8 -80.97 curveto
249.92 -90.66 255.5 -121.24 260.96 -140.63 curveto
266.42 -160.03 267.09 -167.64 270.3 -181.87 curveto
273.51 -196.1 279.55 -245.09 280.44 -248.74 curveto
281.33 -252.39 285.55 -308.5 288.86 -320.93 curveto stroke
 0 0.9 0.9 0.2 setcmykcolor
newpath -104.21 117.1 moveto
-107.79 124.5 -111.7 125.43 -111.79 130.48 curveto
-111.89 135.53 -60.4 134.24 -58.19 135.2 curveto
-55.97 136.16 -24.5 144.94 -14.59 148.38 curveto
-4.67 151.82 -13.29 138.94 -13.25 132.81 curveto
-13.22 126.68 12.54 143.33 22.71 151.44 curveto
32.88 159.55 49.62 162.63 58.63 169.36 curveto
67.64 176.09 86.86 171.46 93.43 172.91 curveto
100 174.37 102.32 170.64 107.92 167.46 curveto
113.52 164.27 105.73 139.81 103.92 126.21 curveto
102.12 112.61 112.69 128.27 117.15 130.91 curveto
121.62 133.56 126.43 135.83 132.43 140.19 curveto
138.43 144.56 151.25 141.72 155.23 141.87 curveto
159.2 142.01 165.44 76.43 167.64 70.18 curveto
169.83 63.94 162.43 67.22 155.31 62.19 curveto
148.2 57.16 155.08 51.02 162.63 50.62 curveto
170.18 50.22 169.29 47.02 174.07 48.93 curveto
178.86 50.84 177.03 57.07 182.31 61.47 curveto
187.59 65.88 210.47 68.99 217.87 72.56 curveto
225.27 76.13 222.29 26.9 222.93 18.57 curveto
223.57 10.25 231.8 15.94 242.4 18.62 curveto
253 21.3 247.76 -36.47 250.76 -54.65 curveto
253.75 -72.84 251.67 -71.28 250.8 -80.97 curveto
249.92 -90.66 255.5 -121.24 260.96 -140.63 curveto
266.42 -160.03 267.09 -167.64 270.3 -181.87 curveto
273.51 -196.1 279.55 -245.09 280.44 -248.74 curveto
281.33 -252.39 285.55 -308.5 288.86 -320.93 curveto stroke
 0 0 0 1 setcmykcolor 0 1.2 dtransform truncate idtransform setlinewidth pop
newpath -308.19 226.74 moveto
-307.1 227.04 -303.82 227.58 -293.81 232.82 curveto
-283.8 238.06 -223.82 260.82 -214.33 263.2 curveto
-204.83 265.58 -160.96 270.09 -152.94 271.83 curveto
-144.91 273.56 -128.91 276.32 -121.66 277.01 curveto
-114.41 277.71 -110.73 265.62 -111.02 260.23 curveto
-111.3 254.83 -132.33 252.71 -138.99 249.46 curveto
-145.65 246.2 -130.15 225.91 -125.82 219.2 curveto
-121.49 212.48 -127.19 200.16 -123.04 183.35 curveto
-118.89 166.55 -122.33 162.77 -123 150.19 curveto
-123.67 137.61 -124.33 138.72 -126.51 131.63 curveto
-128.69 124.54 -118.02 121.8 -111.88 115.35 curveto stroke
 0.6 0.4 0 0.1 setcmykcolor 0 0.84 dtransform truncate idtransform setlinewidth pop
newpath -308.19 226.74 moveto
-307.1 227.04 -303.82 227.58 -293.81 232.82 curveto
-283.8 238.06 -223.82 260.82 -214.33 263.2 curveto
-204.83 265.58 -160.96 270.09 -152.94 271.83 curveto
-144.91 273.56 -128.91 276.32 -121.66 277.01 curveto
-114.41 277.71 -110.73 265.62 -111.02 260.23 curveto
-111.3 254.83 -132.33 252.71 -138.99 249.46 curveto
-145.65 246.2 -130.15 225.91 -125.82 219.2 curveto
-121.49 212.47 -127.19 200.16 -123.04 183.35 curveto
-118.89 166.55 -122.33 162.77 -123 150.19 curveto
-123.67 137.61 -124.33 138.72 -126.51 131.63 curveto
-128.69 124.54 -118.02 121.8 -111.88 115.35 curveto stroke
 0 0.9 0.9 0.2 setcmykcolor
newpath -308.19 226.74 moveto
-307.1 227.04 -303.82 227.59 -293.81 232.82 curveto
-283.8 238.06 -223.82 260.82 -214.32 263.2 curveto
-204.82 265.58 -160.96 270.09 -152.94 271.83 curveto
-144.92 273.57 -128.91 276.32 -121.66 277.01 curveto
-114.41 277.71 -110.73 265.62 -111.02 260.22 curveto
-111.3 254.83 -132.33 252.71 -138.99 249.46 curveto
-145.65 246.21 -130.15 225.91 -125.82 219.19 curveto
-121.49 212.47 -127.19 200.16 -123.04 183.36 curveto
-118.89 166.55 -122.33 162.77 -123 150.19 curveto
-123.67 137.6 -124.33 138.72 -126.51 131.63 curveto
-128.69 124.53 -118.02 121.8 -111.88 115.35 curveto stroke
 0 0 0 1 setcmykcolor 0 0.6 dtransform truncate idtransform setlinewidth pop
newpath -194.51195 310.57352 moveto
-195.64244 289.00314 lineto stroke
newpath -197.12843 306.50482 moveto
-195.45387 307.0168 -194.6062 308.77516 -194.51195 310.57352 curveto stroke
newpath -192.3351 306.2536 moveto
-193.94698 306.93782 -194.6062 308.77516 -194.51195 310.57352 curveto stroke
newpath -195.64244 289.00314 moveto
-193.37138 286.48087 lineto stroke
newpath -195.51683 291.39981 moveto
-193.24577 288.87753 lineto stroke
newpath -195.39122 293.79648 moveto
-193.12016 291.2742 lineto stroke
 0 1.99252 dtransform truncate idtransform setlinewidth pop
newpath -195.14 298.59 moveto 0 0 rlineto stroke
 0.6 0.4 0 0.1 setcmykcolor
newpath -195.14 298.59 moveto 0 0 rlineto stroke
 0 0.9 0.9 0.2 setcmykcolor
newpath -195.14 298.59 moveto 0 0 rlineto stroke
 0 0 0 1 setcmykcolor 0 0.6 dtransform truncate idtransform setlinewidth pop
newpath -179.43007 313.78996 moveto
-179.43007 315.39006 -177.02992 315.39006 -177.02992 313.78996 curveto
-177.02992 312.67297 -178.23 311.90695 -178.23 310.78996 curveto stroke
 0 1.44 dtransform truncate idtransform setlinewidth pop
newpath -178.23 308.99004 moveto 0 0 rlineto stroke
 0 1.99252 dtransform truncate idtransform setlinewidth pop
newpath -178.23 311.39 moveto 0 0 rlineto stroke
 0.6 0.4 0 0.1 setcmykcolor
newpath -178.23 311.39 moveto 0 0 rlineto stroke
 0 0.9 0.9 0.2 setcmykcolor
newpath -178.23 311.39 moveto 0 0 rlineto stroke
 0 0 0 1 setcmykcolor 0 0.6 dtransform truncate idtransform setlinewidth pop
newpath 275.53993 90.56996 moveto
275.53993 92.17006 277.94008 92.17006 277.94008 90.56996 curveto
277.94008 89.45297 276.74 88.68695 276.74 87.56996 curveto stroke
 0 1.44 dtransform truncate idtransform setlinewidth pop
newpath 276.74 85.77003 moveto 0 0 rlineto stroke
 0 1.99252 dtransform truncate idtransform setlinewidth pop
newpath 276.74 88.17 moveto 0 0 rlineto stroke
 0.6 0.4 0 0.1 setcmykcolor
newpath 276.74 88.17 moveto 0 0 rlineto stroke
 0 0.9 0.9 0.2 setcmykcolor
newpath 276.75 88.17 moveto 0 0 rlineto stroke
 0 0 0 1 setcmykcolor 0 0.6 dtransform truncate idtransform setlinewidth pop
newpath -326.72008 228.60997 moveto
-326.72008 230.21007 -324.31993 230.21007 -324.31993 228.60997 curveto
-324.31993 227.49298 -325.52 226.72696 -325.52 225.60997 curveto stroke
 0 1.44 dtransform truncate idtransform setlinewidth pop
newpath -325.52 223.81004 moveto 0 0 rlineto stroke
 0 1.99252 dtransform truncate idtransform setlinewidth pop
newpath -325.52 226.21 moveto 0 0 rlineto stroke
 0.6 0.4 0 0.1 setcmykcolor
newpath -325.52 226.22 moveto 0 0 rlineto stroke
 0 0.9 0.9 0.2 setcmykcolor
newpath -325.53 226.22 moveto 0 0 rlineto stroke
 0 0 0 1 setcmykcolor 0 3.98505 dtransform truncate idtransform setlinewidth pop
newpath 294.97 -318.37 moveto 0 0 rlineto stroke
newpath 300.16 -318.66 moveto 0 0 rlineto stroke
 0 0.84 dtransform truncate idtransform setlinewidth pop
newpath 294.97 -318.37 moveto
300.16 -318.66 lineto stroke
 1 0.85 0 setrgbcolor 0 3.98505 dtransform truncate idtransform setlinewidth pop
newpath 294.97 -318.37 moveto 0 0 rlineto stroke
newpath 300.15 -318.65 moveto 0 0 rlineto stroke
 0 0.84 dtransform truncate idtransform setlinewidth pop
newpath 294.97 -318.37 moveto
294.97 -318.37 lineto
300.15 -318.65 lineto
300.16 -318.66 lineto stroke
showpage
%%EOF
