%!PS
%%BoundingBox: -733 -154 724 168 
%%HiResBoundingBox: -732.12 -153.76 723.72331 167.62253 
%%Creator: MetaPost 2.11
%%CreationDate: 2025.10.14:2236
%%Pages: 1
%%BeginProlog
%%EndProlog
%%Page: 1 1
 0 0 0 1 setcmykcolor 0 1.2 dtransform truncate idtransform setlinewidth pop
 [] 0 setdash 1 setlinecap 1 setlinejoin 10 setmiterlimit
newpath -104.71 17.68 moveto
-92.21 15.57 -68.1 7.8 -58.5 5.49 curveto stroke
 0.6 0.4 0 0.1 setcmykcolor 0 0.84 dtransform truncate idtransform setlinewidth pop
newpath -104.7 17.69 moveto
-92.19 15.58 -68.09 7.8 -58.48 5.48 curveto stroke
 0 0.9 0.9 0.2 setcmykcolor
newpath -104.59 17.38 moveto
-92.08 15.29 -67.97 7.55 -58.35 5.24 curveto stroke
 0 0 0 1 setcmykcolor 0 1.2 dtransform truncate idtransform setlinewidth pop
newpath -109.75 37.79 moveto
-105.86 36.49 -77.92 19.5 -101.94 29.07 curveto stroke
 0.6 0.4 0 0.1 setcmykcolor 0 0.84 dtransform truncate idtransform setlinewidth pop
newpath -109.75 37.79 moveto
-105.85 36.5 -77.92 19.5 -101.92 29.08 curveto stroke
 0 0.9 0.9 0.2 setcmykcolor
newpath -109.67 37.48 moveto
-105.77 36.19 -77.81 19.23 -101.83 28.78 curveto stroke
 0 0 0 1 setcmykcolor 0 1.2 dtransform truncate idtransform setlinewidth pop
newpath -58.5 5.49 moveto
-54.62 3.85 41.01 -41.99 53.42 -45.89 curveto
65.83 -49.8 116.4 -61.5 127.94 -61.4 curveto
139.48 -61.29 197.74 -64.03 213.48 -66.31 curveto
229.22 -68.58 269.53 -83.35 292.39 -94.31 curveto
315.23 -105.26 361.04 -111.66 370.73 -112.53 curveto
380.41 -113.41 434.36 -109.07 456.33 -109.52 curveto
478.3 -109.96 512.28 -108.17 526.46 -106.04 curveto
540.63 -103.92 564.62 -100.14 578.04 -98.69 curveto
591.45 -97.25 607.45 -115.03 618.04 -119.2 curveto
628.64 -123.37 630.26 -133.55 635.29 -140.67 curveto
640.32 -147.79 662.93 -149.71 676.02 -147.52 curveto
689.11 -145.33 716.1 -125.85 721.76 -121.1 curveto
727.42 -116.35 712.12 -112.66 703.04 -107.13 curveto
693.96 -101.6 674.53 -100.94 662.25 -101.37 curveto
649.97 -101.8 651.92 -112.72 645.97 -116.01 curveto
640.03 -119.29 597.07 -93.22 583.08 -85.26 curveto
569.08 -77.31 542.7 -92.13 529.98 -93.98 curveto
517.27 -95.82 450.8 -91.56 441.01 -92.48 curveto
431.23 -93.41 398.45 -99.59 383.52 -102.4 curveto
368.59 -105.21 327.24 -89.67 308.8 -84 curveto
290.35 -78.34 219.54 -54.01 209.93 -51.7 curveto
200.32 -49.39 148.66 -51.32 131.03 -50.74 curveto
113.4 -50.17 68.18 -39.47 57.48 -37.46 curveto
46.77 -35.45 -54.5 12.85 -62.61 16.16 curveto
-70.72 19.47 -87.38 38.39 -100.33 45.57 curveto stroke
 0.6 0.4 0 0.1 setcmykcolor 0 0.84 dtransform truncate idtransform setlinewidth pop
newpath -58.48 5.48 moveto
-54.6 3.84 41.01 -41.99 53.42 -45.9 curveto
65.83 -49.8 116.4 -61.5 127.94 -61.4 curveto
139.48 -61.29 197.74 -64.03 213.48 -66.31 curveto
229.22 -68.59 269.54 -83.36 292.39 -94.31 curveto
315.24 -105.26 361.04 -111.66 370.73 -112.54 curveto
380.42 -113.41 434.36 -109.08 456.33 -109.52 curveto
478.3 -109.97 512.28 -108.18 526.46 -106.05 curveto
540.63 -103.92 564.62 -100.14 578.04 -98.7 curveto
591.45 -97.25 607.45 -115.04 618.04 -119.21 curveto
628.64 -123.38 630.26 -133.56 635.29 -140.68 curveto
640.32 -147.79 662.93 -149.72 676.02 -147.53 curveto
689.12 -145.34 716.11 -125.87 721.77 -121.12 curveto
727.43 -116.37 712.12 -112.68 703.04 -107.15 curveto
693.97 -101.62 674.53 -100.94 662.25 -101.37 curveto
649.97 -101.8 651.92 -112.72 645.97 -116.01 curveto
640.03 -119.3 597.07 -93.22 583.08 -85.26 curveto
569.08 -77.31 542.7 -92.13 529.98 -93.98 curveto
517.27 -95.82 450.8 -91.56 441.02 -92.49 curveto
431.23 -93.41 398.46 -99.59 383.53 -102.4 curveto
368.59 -105.21 327.24 -89.67 308.8 -84.01 curveto
290.35 -78.34 219.54 -54.02 209.93 -51.7 curveto
200.32 -49.39 148.67 -51.32 131.03 -50.75 curveto
113.4 -50.17 68.19 -39.47 57.48 -37.46 curveto
46.77 -35.45 -54.48 12.84 -62.6 16.16 curveto
-70.71 19.47 -87.36 38.39 -100.32 45.57 curveto stroke
 0 0.9 0.9 0.2 setcmykcolor
newpath -58.35 5.24 moveto
-54.47 3.6 41.21 -42.11 53.62 -46.01 curveto
66.04 -49.9 116.62 -61.54 128.16 -61.42 curveto
139.71 -61.3 197.97 -63.97 213.71 -66.23 curveto
229.46 -68.49 269.79 -83.21 292.65 -94.13 curveto
315.52 -105.06 361.33 -111.41 371.02 -112.27 curveto
380.71 -113.13 434.65 -108.73 456.62 -109.15 curveto
478.59 -109.58 512.57 -107.74 526.74 -105.59 curveto
540.91 -103.45 564.9 -99.65 578.32 -98.18 curveto
591.73 -96.72 607.75 -114.49 618.35 -118.65 curveto
628.95 -122.81 630.58 -132.99 635.62 -140.1 curveto
640.66 -147.21 663.27 -149.11 676.36 -146.9 curveto
689.46 -144.7 716.43 -125.2 722.08 -120.44 curveto
727.74 -115.69 712.43 -112.01 703.34 -106.49 curveto
694.26 -100.97 674.82 -100.32 662.54 -100.76 curveto
650.26 -101.2 652.22 -112.12 646.28 -115.42 curveto
640.34 -118.71 597.35 -92.68 583.34 -84.74 curveto
569.34 -76.81 542.97 -91.66 530.25 -93.52 curveto
517.54 -95.38 451.07 -91.2 441.28 -92.13 curveto
431.5 -93.07 398.73 -99.29 383.8 -102.12 curveto
368.88 -104.95 327.5 -89.46 309.05 -83.81 curveto
290.6 -78.16 219.76 -53.93 210.15 -51.63 curveto
200.53 -49.32 148.88 -51.32 131.24 -50.77 curveto
113.61 -50.21 68.38 -39.56 57.67 -37.56 curveto
46.95 -35.56 -54.36 12.61 -62.48 15.91 curveto
-70.6 19.22 -87.28 38.11 -100.25 45.28 curveto stroke
 0 0 0 1 setcmykcolor 0 1.2 dtransform truncate idtransform setlinewidth pop
newpath -100.33 45.57 moveto
-113.28 52.76 -125.07 61.69 -143.87 73.86 curveto
-162.69 86.05 -164.57 84.71 -174.35 90.64 curveto
-184.11 96.56 -249.32 97.88 -260.4 98.82 curveto
-271.54 99.78 -294.01 77.52 -302.13 73.63 curveto
-310.29 69.73 -345.76 67.29 -352.98 66.24 curveto
-360.25 65.18 -401.14 40.31 -415.86 31.38 curveto
-430.66 22.39 -464.16 11.19 -477.63 7.26 curveto
-491.27 3.27 -528.09 16.08 -538.69 17.71 curveto
-549.45 19.37 -557.31 13.63 -565.36 10.46 curveto
-573.48 7.27 -584.72 -11.86 -592.71 -21.25 curveto
-600.68 -30.62 -594.39 7.34 -594.43 13.46 curveto
-594.47 19.59 -604.61 34.6 -610.64 50.03 curveto
-616.68 65.5 -618.06 80.68 -618.99 95.15 curveto
-619.91 109.57 -617 125.98 -614.98 134.21 curveto
-612.98 142.32 -559.13 146.16 -555.66 147.17 curveto stroke
 0.6 0.4 0 0.1 setcmykcolor 0 0.84 dtransform truncate idtransform setlinewidth pop
newpath -100.32 45.57 moveto
-113.27 52.76 -125.05 61.68 -143.86 73.86 curveto
-162.68 86.04 -164.55 84.7 -174.32 90.63 curveto
-184.1 96.56 -249.27 97.87 -260.4 98.82 curveto
-271.52 99.77 -293.98 77.53 -302.12 73.63 curveto
-310.25 69.73 -345.7 67.29 -352.97 66.24 curveto
-360.23 65.18 -400.85 40.3 -415.75 31.36 curveto
-430.64 22.42 -464.04 11.21 -477.59 7.25 curveto
-491.13 3.28 -527.94 16.06 -538.67 17.71 curveto
-549.4 19.35 -557.26 13.64 -565.36 10.46 curveto
-573.45 7.28 -584.74 -11.88 -592.72 -21.27 curveto
-600.73 -30.6 -594.38 7.31 -594.41 13.44 curveto
-594.45 19.58 -604.46 34.54 -610.49 50 curveto
-616.52 65.47 -617.16 80.65 -617.83 95.1 curveto
-618.5 109.56 -616.54 126.04 -614.3 134.21 curveto
-612.07 142.38 -547.28 147.24 -540.32 149.39 curveto stroke
 0 0.9 0.9 0.2 setcmykcolor
newpath -100.25 45.28 moveto
-113.22 52.44 -125.01 61.35 -143.84 73.5 curveto
-162.68 85.66 -164.55 84.31 -174.34 90.23 curveto
-184.12 96.15 -249.31 97.37 -260.44 98.31 curveto
-271.56 99.25 -293.99 76.99 -302.13 73.09 curveto
-310.26 69.18 -345.72 66.7 -352.98 65.64 curveto
-360.25 64.57 -400.84 39.65 -415.73 30.69 curveto
-430.61 21.73 -464 10.49 -477.55 6.51 curveto
-491.09 2.53 -527.92 15.26 -538.65 16.9 curveto
-549.38 18.54 -557.25 12.82 -565.35 9.63 curveto
-573.45 6.45 -584.54 -12.8 -592.6 -22.11 curveto
-600.65 -31.43 -594.35 6.46 -594.4 12.59 curveto
-594.44 18.72 -604.47 33.66 -610.52 49.12 curveto
-616.57 64.57 -617.22 79.75 -617.91 94.2 curveto
-618.6 108.66 -616.66 125.14 -614.43 133.32 curveto
-612.2 141.49 -547.42 146.41 -540.45 148.57 curveto stroke
 0 0 0 1 setcmykcolor 0 1.2 dtransform truncate idtransform setlinewidth pop
newpath -707.39 -141.94 moveto
-707.88 -141.98 -646.18 -113.86 -635.88 -106.74 curveto
-624.49 -98.88 -606.08 -79.65 -594.85 -58.14 curveto
-584.01 -37.38 -574.74 -20.76 -566.44 -8.48 curveto
-558.06 3.9 -544.26 1.8 -530.48 4.69 curveto
-516.75 7.56 -477.66 -7.17 -468.23 -5.86 curveto
-458.86 -4.55 -411.29 15.27 -404.92 21.07 curveto
-398.55 26.87 -364.22 45.89 -351.37 56.06 curveto
-338.62 66.16 -301.1 59.15 -295.57 61.39 curveto
-290.06 63.62 -269.33 80.54 -258.19 86.45 curveto
-247.09 92.34 -202.38 85.28 -190.15 84.63 curveto
-177.94 83.98 -163.54 70.23 -154.34 66.85 curveto
-145.15 63.48 -115.33 41.33 -109.75 37.79 curveto stroke
 0.6 0.4 0 0.1 setcmykcolor 0 0.84 dtransform truncate idtransform setlinewidth pop
newpath -725.94 -153.34 moveto
-723.35 -151.18 -647.65 -114.8 -636.26 -106.97 curveto
-624.66 -99.09 -606.5 -79.95 -594.97 -58.26 curveto
-584.03 -37.41 -574.83 -20.76 -566.4 -8.53 curveto
-558.13 3.95 -544.2 1.79 -530.35 4.65 curveto
-516.5 7.52 -477.63 -7.17 -468.19 -5.87 curveto
-458.75 -4.57 -411.2 15.26 -404.76 21.04 curveto
-398.32 26.83 -364.14 45.92 -351.34 56.06 curveto
-338.55 66.19 -301.09 59.15 -295.56 61.38 curveto
-290.03 63.61 -269.3 80.55 -258.17 86.45 curveto
-247.04 92.34 -202.36 85.28 -190.14 84.63 curveto
-177.92 83.97 -163.52 70.23 -154.33 66.85 curveto
-145.14 63.48 -115.32 41.33 -109.75 37.79 curveto stroke
 0 0.9 0.9 0.2 setcmykcolor
newpath -727.36 -145.6 moveto
-724.73 -143.58 -648.76 -110.76 -637.2 -103.43 curveto
-625.65 -96.1 -607.78 -78.28 -595.92 -58.35 curveto
-584.07 -38.42 -574.56 -21.97 -566.34 -9.42 curveto
-558.12 3.13 -544.17 0.96 -530.32 3.85 curveto
-516.47 6.73 -477.58 -7.91 -468.14 -6.6 curveto
-458.7 -5.29 -411.16 14.59 -404.73 20.38 curveto
-398.3 26.18 -364.14 45.31 -351.35 55.46 curveto
-338.56 65.61 -301.08 58.61 -295.55 60.85 curveto
-290.03 63.08 -269.32 80.03 -258.2 85.94 curveto
-247.07 91.85 -202.38 84.84 -190.15 84.2 curveto
-177.93 83.57 -163.5 69.84 -154.3 66.48 curveto
-145.11 63.11 -115.25 41.01 -109.67 37.48 curveto stroke
 0 0 0 1 setcmykcolor 0 1.2 dtransform truncate idtransform setlinewidth pop
newpath -560.22 165.63 moveto
-561.14 165 -591.89 154.63 -603.23 151.06 curveto
-614.56 147.49 -626.94 142.4 -630.05 137.21 curveto
-633.23 131.92 -626.04 63.13 -623.99 53.97 curveto
-621.96 44.89 -611.27 15.82 -606.45 11.22 curveto
-601.64 6.64 -606.39 -22.32 -605.83 -25.24 curveto
-605.27 -28.17 -603.42 -27.18 -603.91 -29.7 curveto
-604.46 -32.47 -618.64 -47.04 -624.36 -56.16 curveto
-630.06 -65.28 -643.15 -80.07 -648.25 -88.34 curveto
-653.04 -96.11 -710.37 -129.63 -713.4 -131.81 curveto stroke
 0.6 0.4 0 0.1 setcmykcolor 0 0.84 dtransform truncate idtransform setlinewidth pop
newpath -543.46 164.7 moveto
-548.36 164.47 -586.89 154.75 -600.07 151.12 curveto
-613.24 147.49 -626.84 142.45 -630.01 137.21 curveto
-633.17 131.97 -626.02 63.09 -623.98 53.97 curveto
-621.95 44.84 -611.24 15.78 -606.43 11.2 curveto
-601.62 6.62 -606.4 -22.34 -605.84 -25.25 curveto
-605.27 -28.18 -603.41 -27.18 -603.92 -29.71 curveto
-604.46 -32.49 -618.69 -47.12 -624.6 -56.35 curveto
-630.48 -65.61 -643.6 -80.48 -648.86 -88.71 curveto
-654 -96.8 -723.16 -135.1 -730.9 -139.76 curveto stroke
 0 0.9 0.9 0.2 setcmykcolor
newpath -543.62 163.88 moveto
-548.52 163.64 -587.04 153.88 -600.21 150.24 curveto
-613.38 146.6 -626.98 141.54 -630.14 136.3 curveto
-633.29 131.05 -626.06 62.18 -624.01 53.06 curveto
-621.96 43.94 -611.22 14.91 -606.41 10.33 curveto
-601.6 5.75 -606.35 -23.2 -605.78 -26.11 curveto
-605.21 -29.03 -603.36 -28.04 -603.85 -30.54 curveto
-604.34 -33.04 -618.73 -46.35 -624.59 -55.06 curveto
-630.45 -63.76 -643.43 -77.51 -648.87 -85.16 curveto
-654.32 -92.8 -723.91 -127.76 -731.7 -132.04 curveto stroke
 0 0 0 1 setcmykcolor 0 0.6 dtransform truncate idtransform setlinewidth pop
newpath 91.66655 -26.24835 moveto
112.6608 -31.32735 lineto stroke
newpath 95.18451 -29.5686 moveto
94.98929 -27.82845 93.41687 -26.6718 91.66655 -26.24835 curveto stroke
newpath 96.31314 -24.90329 moveto
95.34412 -26.3618 93.41687 -26.6718 91.66655 -26.24835 curveto stroke
newpath 112.6608 -31.32735 moveto
115.55777 -29.559 lineto stroke
newpath 110.32814 -30.76302 moveto
113.22511 -28.99469 lineto stroke
newpath 107.99548 -30.1987 moveto
110.89246 -28.43036 lineto stroke
 0 1.99252 dtransform truncate idtransform setlinewidth pop
newpath 103.33 -29.07 moveto 0 0 rlineto stroke
 0.6 0.4 0 0.1 setcmykcolor
newpath 103.35 -29.08 moveto 0 0 rlineto stroke
 0 0.9 0.9 0.2 setcmykcolor
newpath 103.53 -29.13 moveto 0 0 rlineto stroke
 0 0 0 1 setcmykcolor 0 3.98505 dtransform truncate idtransform setlinewidth pop
newpath -538.06 161.94 moveto 0 0 rlineto stroke
newpath -560.22 165.63 moveto 0 0 rlineto stroke
 0 0.84 dtransform truncate idtransform setlinewidth pop
newpath -538.06 161.94 moveto
-560.22 165.63 lineto stroke
 1 0.85 0 setrgbcolor 0 3.98505 dtransform truncate idtransform setlinewidth pop
newpath -538.22 161.13 moveto 0 0 rlineto stroke
newpath -543.62 163.88 moveto 0 0 rlineto stroke
 0 0.84 dtransform truncate idtransform setlinewidth pop
newpath -538.06 161.94 moveto
-538.22 161.13 lineto
-543.62 163.88 lineto
-560.22 165.63 lineto stroke
showpage
%%EOF
