%!PS
%%BoundingBox: -143 -174 264 238 
%%HiResBoundingBox: -142.34 -173.79001 263.7013 237.07721 
%%Creator: MetaPost 2.11
%%CreationDate: 2025.10.14:2236
%%Pages: 1
%%BeginProlog
%%EndProlog
%%Page: 1 1
-1 THsetalpha
 0 0 0.10417 0.04 setcmykcolor
newpath -142.04 224.48 moveto
-142.04 224.48 -139.1 229.37 -133.27 230.52 curveto
-127.47 231.66 -128.54 231.72 -124.18 232.93 curveto
-119.8 234.15 -119.42 234.49 -116.86 235.26 curveto
-114.3 236.03 -115.01 236.25 -107.4 236.58 curveto
-99.78 236.92 -97.79 236.81 -88.22 236.33 curveto
-78.67 235.84 -69.49 235.37 -62.71 234.12 curveto
-55.93 232.88 -53.78 232.76 -48.41 232.31 curveto
-43.04 231.85 -46.23 232.74 -37.18 230.47 curveto
-28.13 228.2 -27.05 228.15 -21.86 227.7 curveto
-16.67 227.26 -20.64 226.92 -12.53 227.22 curveto
-4.41 227.53 -3.47 228.38 0.17 228.92 curveto
3.8 229.45 7.48 230.89 11.79 230.66 curveto
16.1 230.44 17.1 232.37 23.58 228.8 curveto
30.06 225.22 32.58 225.27 33.07 220.74 curveto
33.56 216.21 37.02 213.33 33.33 211.72 curveto
29.65 210.1 29.72 211.54 19.33 209.19 curveto
8.94 206.84 20.37 208.24 -0.34 205.33 curveto
-21.01 202.43 -58.81 204.73 -63.45 205.5 curveto
-68.09 206.28 -66.8 206.76 -72.53 207.59 curveto
-78.25 208.43 -72.29 208.66 -84.31 209.82 curveto
-96.35 210.97 -111.65 211.93 -119.5 213.6 curveto
-127.34 215.26 -132.41 218.4 -134.56 218.69 curveto
-136.7 218.98 -141.1 221.37 -141.1 221.37 curveto
-142.04 224.48 lineto
 closepath fill
 0 0.36539 0.88461 0.48 THsetpatterncolor
 pattern_clay_MY THsetpattern
newpath -142.04 224.48 moveto
-142.04 224.48 -139.1 229.37 -133.27 230.52 curveto
-127.47 231.66 -128.54 231.72 -124.18 232.93 curveto
-119.8 234.15 -119.42 234.49 -116.86 235.26 curveto
-114.3 236.03 -115.01 236.25 -107.4 236.58 curveto
-99.78 236.92 -97.79 236.81 -88.22 236.33 curveto
-78.67 235.84 -69.49 235.37 -62.71 234.12 curveto
-55.93 232.88 -53.78 232.76 -48.41 232.31 curveto
-43.04 231.85 -46.23 232.74 -37.18 230.47 curveto
-28.13 228.2 -27.05 228.15 -21.86 227.7 curveto
-16.67 227.26 -20.64 226.92 -12.53 227.22 curveto
-4.41 227.53 -3.47 228.38 0.17 228.92 curveto
3.8 229.45 7.48 230.89 11.79 230.66 curveto
16.1 230.44 17.1 232.37 23.58 228.8 curveto
30.06 225.22 32.58 225.27 33.07 220.74 curveto
33.56 216.21 37.02 213.33 33.33 211.72 curveto
29.65 210.1 29.72 211.54 19.33 209.19 curveto
8.94 206.84 20.37 208.24 -0.34 205.33 curveto
-21.01 202.43 -58.81 204.73 -63.45 205.5 curveto
-68.09 206.28 -66.8 206.76 -72.53 207.59 curveto
-78.25 208.43 -72.29 208.66 -84.31 209.82 curveto
-96.35 210.97 -111.65 211.93 -119.5 213.6 curveto
-127.34 215.26 -132.41 218.4 -134.56 218.69 curveto
-136.7 218.98 -141.1 221.37 -141.1 221.37 curveto
-142.04 224.48 lineto
 closepath fill
 0 0 0 1 setcmykcolor 0 0.42001 dtransform truncate idtransform setlinewidth pop
 [] 0 setdash 1 setlinecap 1 setlinejoin 10 setmiterlimit
newpath 79.83 204.48 moveto
78.54312 206.50577 lineto stroke
newpath 82.04869 206.7037 moveto
80.00108 207.95554 lineto stroke
newpath 83.39204 209.57013 moveto
81.11377 210.32462 lineto stroke
newpath 84.157 212.64621 moveto
81.78856 213.03403 lineto stroke
newpath 84.44522 215.8032 moveto
82.0456 215.84291 lineto stroke
newpath 84.21527 218.96336 moveto
81.84782 218.56966 lineto stroke
newpath 83.21428 221.95795 moveto
81.09926 220.8237 lineto stroke
newpath 80.82 223.89 moveto
80.13132 221.59096 lineto stroke
 0 0.6 dtransform truncate idtransform setlinewidth pop
newpath 79.83 204.48 moveto
85.2 207.45 86.34 222.71 80.82 223.89 curveto stroke
 0.6 0.4 0 0.1 setcmykcolor 0 0.42001
 dtransform truncate idtransform setlinewidth pop
newpath 79.82 204.48 moveto
85.2 207.45 86.34 222.71 80.81 223.89 curveto stroke
 0 0.9 0.9 0.2 setcmykcolor
newpath 79.82 204.48 moveto
85.2 207.44 86.34 222.71 80.81 223.89 curveto stroke
 0 0 0 1 setcmykcolor 0 0.6 dtransform truncate idtransform setlinewidth pop
newpath -142.04 224.48 moveto
-142.04 224.48 -139.1 229.37 -133.27 230.52 curveto
-127.47 231.66 -128.54 231.72 -124.18 232.93 curveto
-119.8 234.15 -119.42 234.49 -116.86 235.26 curveto
-114.3 236.03 -115.01 236.25 -107.4 236.58 curveto
-99.78 236.92 -97.79 236.81 -88.22 236.33 curveto
-78.67 235.84 -69.49 235.37 -62.71 234.12 curveto
-55.93 232.88 -53.78 232.76 -48.41 232.31 curveto
-43.04 231.85 -46.23 232.74 -37.18 230.47 curveto
-28.13 228.2 -27.05 228.15 -21.86 227.7 curveto
-16.67 227.26 -20.64 226.92 -12.53 227.22 curveto
-4.41 227.53 -3.47 228.38 0.17 228.92 curveto
3.8 229.45 7.48 230.89 11.79 230.66 curveto
16.1 230.44 17.1 232.37 23.58 228.8 curveto
30.06 225.22 32.58 225.27 33.07 220.74 curveto
33.56 216.21 37.02 213.33 33.33 211.72 curveto
29.65 210.1 29.72 211.54 19.33 209.19 curveto
8.94 206.84 20.37 208.24 -0.34 205.33 curveto
-21.01 202.43 -58.81 204.73 -63.45 205.5 curveto
-68.09 206.28 -66.8 206.76 -72.53 207.59 curveto
-78.25 208.43 -72.29 208.66 -84.31 209.82 curveto
-96.35 210.97 -111.65 211.93 -119.5 213.6 curveto
-127.34 215.26 -132.41 218.4 -134.56 218.69 curveto
-136.7 218.98 -141.1 221.37 -141.1 221.37 curveto
 closepath stroke
 0.6 0.4 0 0.1 setcmykcolor 0 0.42001
 dtransform truncate idtransform setlinewidth pop
newpath -142.1 224.48 moveto
-142.1 224.48 -139.15 229.37 -133.32 230.52 curveto
-127.5 231.66 -128.58 231.72 -124.19 232.93 curveto
-119.8 234.15 -119.42 234.49 -116.86 235.26 curveto
-114.3 236.03 -115.01 236.25 -107.42 236.58 curveto
-99.84 236.92 -97.86 236.81 -88.33 236.33 curveto
-78.8 235.84 -69.64 235.37 -62.85 234.12 curveto
-56.07 232.87 -53.91 232.76 -48.53 232.31 curveto
-43.14 231.85 -46.34 232.74 -37.26 230.47 curveto
-28.19 228.2 -27.11 228.15 -21.91 227.7 curveto
-16.7 227.26 -20.68 226.92 -12.56 227.22 curveto
-4.43 227.53 -3.49 228.38 0.14 228.92 curveto
3.78 229.45 7.46 230.89 11.77 230.66 curveto
16.08 230.44 17.08 232.37 23.57 228.8 curveto
30.05 225.22 32.58 225.27 33.07 220.74 curveto
33.56 216.21 37.02 213.33 33.33 211.72 curveto
29.64 210.1 29.72 211.54 19.32 209.19 curveto
8.93 206.84 20.35 208.24 -0.34 205.33 curveto
-21.04 202.43 -58.95 204.73 -63.59 205.5 curveto
-68.24 206.28 -66.95 206.76 -72.68 207.59 curveto
-78.4 208.42 -72.44 208.66 -84.46 209.82 curveto
-96.48 210.97 -111.75 211.93 -119.59 213.59 curveto
-127.44 215.26 -132.5 218.4 -134.65 218.69 curveto
-136.8 218.98 -141.18 221.37 -141.18 221.37 curveto
 closepath stroke
 0 0.9 0.9 0.2 setcmykcolor
newpath -142.11 224.48 moveto
-142.11 224.48 -139.15 229.37 -133.33 230.52 curveto
-127.5 231.66 -128.58 231.72 -124.19 232.93 curveto
-119.8 234.15 -119.43 234.49 -116.86 235.26 curveto
-114.3 236.03 -115.01 236.25 -107.42 236.58 curveto
-99.84 236.92 -97.86 236.81 -88.33 236.33 curveto
-78.8 235.84 -69.64 235.37 -62.85 234.12 curveto
-56.07 232.87 -53.91 232.76 -48.52 232.31 curveto
-43.14 231.85 -46.34 232.74 -37.26 230.47 curveto
-28.19 228.2 -27.11 228.15 -21.91 227.7 curveto
-16.7 227.26 -20.68 226.92 -12.56 227.22 curveto
-4.43 227.53 -3.49 228.38 0.15 228.92 curveto
3.78 229.45 7.46 230.89 11.77 230.67 curveto
16.08 230.45 17.08 232.38 23.57 228.8 curveto
30.06 225.22 32.58 225.28 33.07 220.74 curveto
33.56 216.21 37.02 213.33 33.33 211.72 curveto
29.64 210.11 29.72 211.54 19.32 209.19 curveto
8.93 206.84 20.36 208.24 -0.34 205.33 curveto
-21.04 202.42 -58.95 204.72 -63.59 205.5 curveto
-68.24 206.28 -66.95 206.76 -72.68 207.59 curveto
-78.4 208.42 -72.44 208.66 -84.46 209.81 curveto
-96.48 210.97 -111.75 211.93 -119.59 213.59 curveto
-127.44 215.26 -132.51 218.4 -134.65 218.69 curveto
-136.8 218.98 -141.18 221.37 -141.18 221.37 curveto
 closepath stroke
 0 0 0 1 setcmykcolor
newpath 166.89 197.68 moveto
165.03253 199.20004 lineto stroke
newpath 168.67068 200.4201 moveto
166.53154 201.50813 lineto stroke
newpath 169.48367 203.54716 moveto
167.09004 203.37308 lineto stroke
newpath 168.36882 206.61606 moveto
166.17284 205.64784 lineto stroke
newpath 166.96 209.57 moveto
164.8303 208.46352 lineto stroke
 0 0.6 dtransform truncate idtransform setlinewidth pop
newpath 166.89 197.68 moveto
166.89 197.68 170.16 201.65 169.38 204.04 curveto
168.6 206.42 166.96 209.57 166.96 209.57 curveto stroke
 0.6 0.4 0 0.1 setcmykcolor 0 0.42001
 dtransform truncate idtransform setlinewidth pop
newpath 166.89 197.68 moveto
166.89 197.68 170.15 201.65 169.37 204.04 curveto
168.6 206.42 166.95 209.57 166.95 209.57 curveto stroke
 0 0.9 0.9 0.2 setcmykcolor
newpath 166.89 197.68 moveto
166.89 197.68 170.15 201.66 169.38 204.04 curveto
168.6 206.42 166.95 209.57 166.95 209.57 curveto stroke
 0 0 0 1 setcmykcolor
newpath 258.68 -167.67 moveto
260.86894 -168.65428 lineto stroke
newpath 258.39584 -170.62006 moveto
260.71407 -169.99901 lineto stroke
newpath 260.33124 -172.80275 moveto
261.41792 -170.6629 lineto stroke
 0.42001 0 dtransform exch truncate exch idtransform pop setlinewidth
newpath 263.25 -173.49 moveto
263.49129 -171.1022 lineto stroke
 0 0.6 dtransform truncate idtransform setlinewidth pop
newpath 258.68 -167.67 moveto
258.68 -167.67 256.25 -172.95 263.25 -173.49 curveto stroke
 0.6 0.4 0 0.1 setcmykcolor 0 0.42001
 dtransform truncate idtransform setlinewidth pop
newpath 258.68 -167.67 moveto
258.68 -167.67 256.25 -172.95 263.25 -173.49 curveto stroke
 0 0.9 0.9 0.2 setcmykcolor
newpath 258.68 -167.67 moveto
258.68 -167.67 256.25 -172.95 263.25 -173.49 curveto stroke
showpage
%%EOF
