%!PS
%%BoundingBox: -155 -212 155 213 
%%HiResBoundingBox: -154.93687 -211.11 154.55215 212.94 
%%Creator: MetaPost 2.11
%%CreationDate: 2025.10.14:2236
%%Pages: 1
%%BeginProlog
%%EndProlog
%%Page: 1 1
 0 0.42001 dtransform truncate idtransform setlinewidth pop [] 0 setdash
 1 setlinecap 1 setlinejoin 10 setmiterlimit
newpath 153.89 -210.9 moveto
155.23 -206.95 153.22 -202.57 152.65 -198.43 curveto
152.17 -195.02 150.44 -180.56 147.17 -175.86 curveto
146.03 -174.23 144.05 -173.36 142.3 -172.4 curveto
139.47 -170.86 136.4 -169.79 133.49 -168.4 curveto
126.77 -165.2 120.25 -161.56 113.47 -158.46 curveto
111.16 -157.4 107.98 -157.59 106.4 -155.61 curveto
104.33 -153.03 104.33 -149.33 103.6 -146.11 curveto
102.23 -140.09 101.17 -134.01 100.11 -127.93 curveto
97.56 -113.18 98.08 -95.24 96.37 -80.37 curveto
95.93 -76.55 94.62 -75.86 93.69 -72.13 curveto
87.64 -47.98 74.24 -25.1 70.96 -2.61 curveto
69.3 4.12 68.1 12.67 67.29 19.55 curveto
66.4 27.11 66.13 29.69 64.01 42.23 curveto
61.52 56.96 59.03 80.28 52.74 93.58 curveto
47.15 105.41 50.41 110.53 50.73 113.36 curveto
51.14 116.95 49.66 121.1 51.57 124.16 curveto
54.61 129.04 47.1 137.18 43.42 143.3 curveto
40.95 147.4 29.68 142.28 20.99 145.42 curveto
18.17 146.44 4.6 151.71 1.88 152.98 curveto
-0.25 153.97 -3.81 158.27 -10.65 158.78 curveto
-14.84 159.1 -19.13 157.84 -23.26 158.63 curveto
-30.68 160.06 -37.68 163.13 -44.9 165.38 curveto
-48.52 167.35 -51.81 170.16 -55.78 171.28 curveto
-59.13 172.22 -62.73 171.38 -66.21 171.39 curveto
-71.48 171.42 -75.39 170.94 -80.56 172.4 curveto
-83.84 173.33 -86.92 174.88 -90.11 176.08 curveto
-110.18 183.58 -131.17 200.12 -133.45 201.67 curveto
-135.09 202.79 -140 204.8 -148.97 212.73 curveto stroke
newpath -148.97 212.73 moveto
-152.87 210.98 -155.12 202.89 -154.67 198.65 curveto stroke
newpath -154.67 198.65 moveto
-151.17 198.26 -150.25 199.91 -147.49 198.22 curveto
-134.68 190.36 -119.87 186.32 -108.28 176.55 curveto
-104.99 174.44 -88.45 169.22 -81.81 168.68 curveto
-74.75 168.12 -71.19 164.72 -64.24 163.38 curveto
-59.45 162.46 -46.82 160.17 -42.14 158.78 curveto
-33.79 156.3 -19.45 153.94 -10.97 151.96 curveto
-7.31 151.1 -5.99 149.61 -2.27 149.03 curveto
1.77 148.39 0.47 147.28 4.45 146.37 curveto
9.23 145.28 16.98 141.83 21.66 140.34 curveto
30.77 137.45 27.69 138.26 34.77 135.41 curveto
41.3 132.77 42.07 102.28 43.65 92.01 curveto
46.46 73.78 53.4 56.42 57.34 38.39 curveto
59.83 27 61.92 8.62 63.36 4.59 curveto
69.13 -22.71 86.51 -68.38 84.35 -75.31 curveto
82.02 -82.77 83.79 -152.33 101.09 -184.54 curveto
107.5 -196.48 129.83 -179.16 141.69 -185.69 curveto
149.25 -189.85 141.77 -205.26 148.49 -210.66 curveto stroke
showpage
%%EOF
