%!PS
%%BoundingBox: -9 -5 9 3 
%%HiResBoundingBox: -8.14236 -4.26854 8.14236 2.8014 
%%Creator: MetaPost 2.11
%%CreationDate: 2025.10.14:2236
%%Pages: 1
%%BeginProlog
%%EndProlog
%%Page: 1 1
 0 0 0 1 setcmykcolor
newpath 8.14236 -2.20375 moveto
6.95926 -2.25146 6.43192 -2.5938 6.05997 -2.84848 curveto
5.65762 -2.59714 4.49171 -2.09366 3.6642 -3.19365 curveto
2.86824 -2.55554 1.64722 -2.75523 0.2379 -3.7284 curveto
0.2666 -3.94 0.15152 -4.22993 -0.09984 -4.0639 curveto
0.03627 -3.91417 -0.07034 -3.87828 -0.11848 -4.05022 curveto
-0.17757 -4.01227 -0.19376 -3.94449 -0.09222 -3.85545 curveto
-1.07436 -3.7673 -1.60312 -3.90512 -2.46338 -4.26854 curveto
-2.26314 -3.68909 -2.27747 -3.1714 -2.71503 -2.89848 curveto
-2.85345 -2.81215 -2.96773 -3.165 -3.05304 -3.03986 curveto
-2.94446 -2.87814 -3.0221 -2.94185 -3.08618 -3.02643 curveto
-3.32968 -2.81644 -3.0229 -2.68764 -2.93391 -2.6815 curveto
-2.78862 -2.2892 -3.68983 -1.31671 -4.70488 -0.79932 curveto
-4.9339 -0.33316 -5.14832 0.44095 -6.5841 0.67084 curveto
-6.68115 1.37286 -7.13791 2.26367 -8.14236 2.20375 curveto
-7.69493 2.38931 -7.03427 2.72337 -6.54027 2.69995 curveto
-5.9533 2.8286 -5.3349 2.90216 -4.5897 2.49362 curveto
-3.46095 1.87483 -3.12549 1.47104 -3.04126 1.29047 curveto
-2.91565 1.0212 -2.71494 1.24806 -2.83485 1.49615 curveto
-2.48225 1.32112 -2.96075 1.18001 -2.53752 0.87865 curveto
-2.11055 0.4446 -2.03864 0.16252 -1.78645 -0.30908 curveto
-1.3703 -0.52995 -1.02553 -0.76007 -0.73595 -0.95235 curveto
-0.42015 -0.91327 -0.18146 -0.8385 0.11996 -0.9484 curveto
0.34723 -0.68118 0.52304 -0.44981 0.61961 -0.24295 curveto
0.86938 -0.23141 0.99979 -0.85472 0.99919 -0.85968 curveto
1.40968 -0.93954 lineto
1.40968 -0.93954 1.57721 -0.58812 1.72427 -0.52948 curveto
1.90767 -0.75325 2.00343 -1.07838 1.90117 -1.47655 curveto
2.28896 -1.4717 2.4974 -1.70113 3.01836 -1.2903 curveto
3.20758 -1.14108 3.72684 -0.88255 4.34691 -0.71123 curveto
4.66057 -0.62457 4.3867 -0.26938 4.79341 -0.3449 curveto
4.70917 -0.35246 4.63866 -0.39813 4.61754 -0.51901 curveto
4.59494 -0.64842 4.61432 -0.71378 4.74684 -0.69109 curveto
5.3979 -0.64264 6.44789 -0.84714 7.13954 -1.41466 curveto
7.21957 -1.45515 7.84416 -1.79376 8.14236 -2.20375 curveto closepath fill
showpage
%%EOF
