%!PS
%%BoundingBox: 29 32 42 43 
%%HiResBoundingBox: 29.42996 32.25996 41.02005 42.00005 
%%Creator: MetaPost 2.11
%%CreationDate: 2025.10.14:2236
%%Pages: 1
%%BeginProlog
%%EndProlog
%%Page: 1 1
 0.83 0.54 0 0 THsetpatterncolor
 pattern_water_UIS THsetpattern
newpath 39.84004 38.19 moveto
39.84004 39.14484 39.30261 40.06044 38.3462 40.73557 curveto
37.38979 41.41068 36.09268 41.79004 34.74 41.79004 curveto
33.38733 41.79004 32.09023 41.41068 31.1338 40.73557 curveto
30.1774 40.06044 29.63997 39.14484 29.63997 38.19 curveto
29.63997 37.23517 30.1774 36.31956 31.1338 35.64444 curveto
32.09023 34.96933 33.38733 34.58997 34.74 34.58997 curveto
36.09268 34.58997 37.38979 34.96933 38.3462 35.64444 curveto
39.30261 36.31956 39.84004 37.23517 39.84004 38.19 curveto closepath fill
 0.83 0.54 0 0 setcmykcolor 0 0.42001
 dtransform truncate idtransform setlinewidth pop [] 0 setdash 1 setlinejoin
 10 setmiterlimit
newpath 39.84004 38.19 moveto
39.84004 39.14484 39.30261 40.06044 38.3462 40.73557 curveto
37.38979 41.41068 36.09268 41.79004 34.74 41.79004 curveto
33.38733 41.79004 32.09023 41.41068 31.1338 40.73557 curveto
30.1774 40.06044 29.63997 39.14484 29.63997 38.19 curveto
29.63997 37.23517 30.1774 36.31956 31.1338 35.64444 curveto
32.09023 34.96933 33.38733 34.58997 34.74 34.58997 curveto
36.09268 34.58997 37.38979 34.96933 38.3462 35.64444 curveto
39.30261 36.31956 39.84004 37.23517 39.84004 38.19 curveto closepath stroke
 0 0 0 1 setcmykcolor 0 1.99252 dtransform truncate idtransform setlinewidth pop
 1 setlinecap
newpath 34.74 38.19 moveto 0 0 rlineto stroke
 0.6 0.4 0 0.1 setcmykcolor
newpath 34.15 38.22 moveto 0 0 rlineto stroke
 0 0.9 0.9 0.2 setcmykcolor
newpath 35.25 38.1 moveto 0 0 rlineto stroke
 0.83 0.54 0 0 THsetpatterncolor
 pattern_water_UIS THsetpattern
newpath 40.81004 36.07 moveto
40.81004 37.02484 40.27261 37.94044 39.31621 38.61557 curveto
38.35979 39.29068 37.06268 39.67004 35.71 39.67004 curveto
34.35733 39.67004 33.06023 39.29068 32.1038 38.61557 curveto
31.1474 37.94044 30.60997 37.02484 30.60997 36.07 curveto
30.60997 35.11517 31.1474 34.19957 32.1038 33.52444 curveto
33.06023 32.84933 34.35733 32.46997 35.71 32.46997 curveto
37.06268 32.46997 38.35979 32.84933 39.31621 33.52444 curveto
40.27261 34.19957 40.81004 35.11517 40.81004 36.07 curveto closepath fill
 0.83 0.54 0 0 setcmykcolor 0 0.42001
 dtransform truncate idtransform setlinewidth pop
newpath 40.81004 36.07 moveto
40.81004 37.02484 40.27261 37.94044 39.31621 38.61557 curveto
38.35979 39.29068 37.06268 39.67004 35.71 39.67004 curveto
34.35733 39.67004 33.06023 39.29068 32.1038 38.61557 curveto
31.1474 37.94044 30.60997 37.02484 30.60997 36.07 curveto
30.60997 35.11517 31.1474 34.19957 32.1038 33.52444 curveto
33.06023 32.84933 34.35733 32.46997 35.71 32.46997 curveto
37.06268 32.46997 38.35979 32.84933 39.31621 33.52444 curveto
40.27261 34.19957 40.81004 35.11517 40.81004 36.07 curveto closepath stroke
 0 0 0 1 setcmykcolor 0 1.99252 dtransform truncate idtransform setlinewidth pop
newpath 35.71 36.07 moveto 0 0 rlineto stroke
 0.6 0.4 0 0.1 setcmykcolor
newpath 35.06 36.09 moveto 0 0 rlineto stroke
 0 0.9 0.9 0.2 setcmykcolor
newpath 36.17 35.89 moveto 0 0 rlineto stroke
showpage
%%EOF
