%!PS
%%BoundingBox: -86 -221 87 222 
%%HiResBoundingBox: -85.95444 -220.63577 86.83 221.88 
%%Creator: MetaPost 2.11
%%CreationDate: 2025.10.14:2236
%%Pages: 1
%%BeginProlog
%%EndProlog
%%Page: 1 1
 0 0 0 1 setcmykcolor 0 1.2 dtransform truncate idtransform setlinewidth pop
 [] 0 setdash 1 setlinecap 1 setlinejoin 10 setmiterlimit
newpath 36.33 -175.38 moveto
36.33 -175.38 40.02 -184.22 37.57 -186.44 curveto
35.11 -188.66 33.24 -193.61 27.61 -194.4 curveto
21.98 -195.2 17.07 -196.02 16.2 -195.44 curveto
15.33 -194.85 17.14 -198.19 13.22 -190.24 curveto
9.3 -182.29 9 -181.19 8.38 -179.18 curveto
7.76 -177.16 9.18 -181.2 6.82 -174.41 curveto
4.46 -167.63 6.27 -156.91 0.62 -147.62 curveto
-5.04 -138.33 -4.58 -139.97 -6.15 -135.39 curveto
-7.72 -130.81 -48.68 9.02 -49.68 10.7 curveto
-50.67 12.37 -52.01 24.87 -54.02 27.86 curveto
-56.03 30.85 -58.02 37.97 -57.83 41.73 curveto
-57.63 45.49 -60.81 85.51 -61.86 89.71 curveto
-62.91 93.91 -63.62 94.12 -64.01 97.01 curveto
-64.41 99.9 -71.58 135.93 -71.07 138.8 curveto
-70.56 141.67 -67.56 147.31 -64.76 145.73 curveto
-61.96 144.15 -63.05 144.01 -62.78 138.91 curveto
-62.5 133.82 -56.9 113.11 -56.9 113.11 curveto stroke
 0.6 0.4 0 0.1 setcmykcolor 0 0.84 dtransform truncate idtransform setlinewidth pop
newpath 36.33 -175.38 moveto
36.33 -175.38 40.02 -184.22 37.57 -186.44 curveto
35.11 -188.65 33.24 -193.6 27.61 -194.4 curveto
21.98 -195.19 17.07 -196.02 16.2 -195.44 curveto
15.33 -194.85 17.14 -198.19 13.22 -190.24 curveto
9.3 -182.28 9 -181.19 8.38 -179.17 curveto
7.76 -177.16 9.18 -181.2 6.82 -174.41 curveto
4.46 -167.62 6.27 -156.9 0.62 -147.6 curveto
-5.03 -138.3 -4.58 -139.94 -6.14 -135.36 curveto
-7.71 -130.77 -48.68 9.02 -49.68 10.7 curveto
-50.67 12.37 -52.01 24.88 -54.02 27.87 curveto
-56.03 30.85 -58.01 37.98 -57.82 41.76 curveto
-57.63 45.53 -60.81 85.53 -61.86 89.72 curveto
-62.91 93.92 -63.62 94.14 -64.01 97.04 curveto
-64.4 99.95 -71.57 136 -71.06 138.86 curveto
-70.55 141.71 -67.56 147.33 -64.76 145.74 curveto
-61.96 144.16 -63.05 144.03 -62.76 138.97 curveto
-62.48 133.91 -56.87 113.26 -56.87 113.26 curveto stroke
 0 0.9 0.9 0.2 setcmykcolor
newpath 36.33 -175.38 moveto
36.33 -175.38 40.02 -184.22 37.57 -186.44 curveto
35.11 -188.65 33.24 -193.6 27.61 -194.4 curveto
21.98 -195.19 17.07 -196.02 16.2 -195.44 curveto
15.33 -194.85 17.14 -198.19 13.22 -190.24 curveto
9.3 -182.29 9 -181.19 8.38 -179.18 curveto
7.76 -177.16 9.18 -181.2 6.82 -174.41 curveto
4.46 -167.62 6.27 -156.9 0.62 -147.6 curveto
-5.03 -138.3 -4.57 -139.94 -6.14 -135.36 curveto
-7.71 -130.77 -48.68 9.02 -49.68 10.7 curveto
-50.67 12.37 -52.02 24.88 -54.03 27.86 curveto
-56.04 30.85 -58.02 37.98 -57.82 41.75 curveto
-57.63 45.53 -60.81 85.52 -61.86 89.72 curveto
-62.9 93.92 -63.61 94.14 -64.01 97.04 curveto
-64.4 99.95 -71.57 136 -71.06 138.86 curveto
-70.55 141.71 -67.56 147.33 -64.76 145.74 curveto
-61.96 144.16 -63.05 144.03 -62.76 138.97 curveto
-62.48 133.91 -56.87 113.26 -56.87 113.26 curveto stroke
 0.83 0.54 0 0 setcmykcolor 0 0.42001
 dtransform truncate idtransform setlinewidth pop
newpath 73.21 -194.4 moveto
70.82367 -195.26077 68.2645 -195.51157 65.74687 -195.20244 curveto
63.23491 -194.894 60.77486 -195.70424 58.33 -196.33 curveto
58.33 -196.33 lineto stroke
newpath 61.5547 -193.96317 moveto
60.44347 -194.68486 59.3946 -195.53192 58.33 -196.33 curveto
58.33 -196.33 lineto
58.33 -196.33 lineto
59.64711 -196.5185 60.98775 -196.66121 62.2838 -196.93668 curveto
 closepath stroke
newpath 61.5547 -193.96317 moveto
60.44347 -194.68486 59.3946 -195.53192 58.33 -196.33 curveto
58.33 -196.33 lineto
58.33 -196.33 lineto
59.64711 -196.5185 60.98775 -196.66121 62.2838 -196.93668 curveto
 closepath fill
newpath 28.04 -203.62 moveto
28.41356 -206.9714 23.6394 -208.92708 20.68147 -205.65524 curveto
18.6288 -203.38474 15.73323 -206.61646 13.11 -206.45 curveto
13.11 -206.45 lineto stroke
newpath 16.22678 -203.94293 moveto
15.25438 -204.88864 14.3028 -206.04233 13.11 -206.45 curveto
13.11 -206.45 lineto
13.11 -206.45 lineto
14.2417 -207.00519 15.73036 -206.8623 17.08664 -206.8812 curveto
 closepath stroke
newpath 16.22678 -203.94293 moveto
15.25438 -204.88864 14.3028 -206.04233 13.11 -206.45 curveto
13.11 -206.45 lineto
13.11 -206.45 lineto
14.2417 -207.00519 15.73036 -206.8623 17.08664 -206.8812 curveto
 closepath fill
newpath 0.59 -197.52 moveto
1.7821 -195.25583 -3.2961 -192.91106 -1.0538 -190.61395 curveto
1.57411 -187.92181 -4.74754 -186.03317 -3.74 -183.6 curveto
-3.74 -183.6 lineto stroke
newpath -0.56412 -186.03188 moveto
-2.0472 -185.42169 -3.73984 -184.93736 -3.74 -183.6 curveto
-3.74 -183.6 lineto
-3.74 -183.6 lineto
-4.68558 -184.54576 -3.83116 -186.08511 -3.21399 -187.56529 curveto
 closepath stroke
newpath -0.56412 -186.03188 moveto
-2.0472 -185.42169 -3.73984 -184.93736 -3.74 -183.6 curveto
-3.74 -183.6 lineto
-3.74 -183.6 lineto
-4.68558 -184.54576 -3.83116 -186.08511 -3.21399 -187.56529 curveto
 closepath fill
newpath -8.98 -162.62 moveto
-10.90306 -161.19075 -11.37927 -158.49818 -9.93665 -156.63008 curveto
-7.63756 -153.65291 -8.71732 -150.24753 -10.89331 -150.64018 curveto
-13.93013 -151.18817 -11.47176 -147.01828 -11.84996 -144.65027 curveto
-11.85 -144.65 lineto stroke
newpath -10.79326 -148.50789 moveto
-11.08655 -147.27466 -11.24165 -145.6398 -11.84985 -144.65024 curveto
-11.85 -144.65 lineto
-11.85007 -144.65027 lineto
-12.11977 -145.78006 -13.1661 -147.04575 -13.83076 -148.12514 curveto
 closepath stroke
newpath -10.79326 -148.50789 moveto
-11.08655 -147.27466 -11.24165 -145.6398 -11.84985 -144.65024 curveto
-11.85 -144.65 lineto
-11.85007 -144.65027 lineto
-12.11977 -145.78006 -13.1661 -147.04575 -13.83076 -148.12514 curveto
 closepath fill
 0 0 0 1 setcmykcolor 0 1.2 dtransform truncate idtransform setlinewidth pop
newpath -54.16 113.86 moveto
-54.16 113.86 -54.64 122.16 -55.33 129.61 curveto
-56.03 137.09 -58.15 144.65 -58.02 147.18 curveto
-57.89 149.69 -56.68 151.96 -59.3 157.61 curveto
-61.9 163.21 -63.43 173.58 -65.94 177.4 curveto
-68.47 181.23 -70.62 185.28 -71.27 190.17 curveto
-71.93 195.09 -72.53 193.54 -71.82 197.4 curveto
-71.13 201.15 -68.95 212.47 -66.21 214.26 curveto
-64.16 215.6 -63.07 215.89 -64.22 218.43 curveto stroke
 0.6 0.4 0 0.1 setcmykcolor 0 0.84 dtransform truncate idtransform setlinewidth pop
newpath -54.13 114.02 moveto
-54.13 114.02 -54.6 122.33 -55.31 129.76 curveto
-56.01 137.18 -58.15 144.68 -58.02 147.2 curveto
-57.89 149.72 -56.69 152 -59.28 157.72 curveto
-61.87 163.44 -63.31 174.15 -65.81 178.06 curveto
-68.31 181.97 -70.45 186.05 -71.1 190.95 curveto
-71.75 195.85 -72.37 194.26 -71.63 198.19 curveto
-70.89 202.11 -68.35 212.97 -66.11 214.66 curveto
-63.86 216.35 -62.88 217.92 -65.04 221.45 curveto stroke
 0 0.9 0.9 0.2 setcmykcolor
newpath -54.13 114.02 moveto
-54.13 114.02 -54.6 122.33 -55.3 129.76 curveto
-56.01 137.19 -58.15 144.68 -58.02 147.2 curveto
-57.89 149.72 -56.69 152 -59.28 157.72 curveto
-61.87 163.44 -63.31 174.15 -65.81 178.06 curveto
-68.31 181.97 -70.45 186.05 -71.1 190.95 curveto
-71.75 195.85 -72.37 194.26 -71.63 198.18 curveto
-70.89 202.11 -68.35 212.98 -66.1 214.66 curveto
-63.85 216.35 -62.87 217.92 -65.03 221.46 curveto stroke
 0 0 0 1 setcmykcolor 0 1.2 dtransform truncate idtransform setlinewidth pop
newpath -71.93 215.68 moveto
-71.93 215.68 -70.59 215.55 -70.68 214.56 curveto
-70.83 212.76 -76.86 208.12 -79.28 206.76 curveto
-81.78 205.35 -86.5 203.11 -85.1 199.5 curveto
-83.64 195.72 -66.71 153.54 -66.75 152.83 curveto
-66.78 152.12 -64.45 148.42 -67.86 148.57 curveto
-71.28 148.73 -80.1 148.85 -80.22 146.53 curveto
-80.34 144.19 -79.46 143.78 -79.21 141.6 curveto
-78.96 139.41 -72.57 91.7 -72.23 87.9 curveto
-71.88 84.09 -62.25 32.61 -61.39 28.42 curveto
-60.52 24.23 -54.6 9.51 -53.95 8.21 curveto
-53.3 6.92 -42.16 -42.96 -41.11 -50.59 curveto
-40.06 -58.22 -21.58 -130.47 -19.49 -139.04 curveto
-17.41 -147.61 -10.83 -177.65 -10.48 -181.46 curveto
-10.14 -185.26 -14.64 -192.24 -14.63 -195.49 curveto
-14.61 -198.74 -23.09 -198.85 -19.82 -205.32 curveto
-16.54 -211.8 -17.07 -215.02 -13.96 -217.7 curveto
-10.85 -220.38 -6.89 -220.4 -3.24 -219.51 curveto
0.42 -218.61 4.2 -218.62 6.39 -218.01 curveto
8.59 -217.4 11.68 -216.84 15.3 -216.48 curveto
18.93 -216.13 23.63 -215.83 27.6 -215.67 curveto
31.57 -215.52 39.51 -215.38 44.42 -214.55 curveto
49.33 -213.72 59.47 -212.8 61.65 -208.94 curveto
63.83 -205.09 62.22 -201.4 65.26 -198.31 curveto
68.3 -195.22 69.11 -197.07 72.38 -196.52 curveto
75.65 -195.97 82.18 -195.22 86.23 -193.45 curveto stroke
 0.6 0.4 0 0.1 setcmykcolor 0 0.84 dtransform truncate idtransform setlinewidth pop
newpath -70.04 218.83 moveto
-70.04 218.83 -69.16 218.42 -69.81 216.29 curveto
-70.46 214.16 -76.47 209.25 -79.09 207.4 curveto
-81.71 205.55 -86.51 203.27 -85.08 199.6 curveto
-83.64 195.92 -66.7 153.59 -66.74 152.87 curveto
-66.78 152.15 -64.44 148.43 -67.86 148.6 curveto
-71.27 148.78 -80.1 148.87 -80.22 146.53 curveto
-80.34 144.2 -79.46 143.79 -79.21 141.61 curveto
-78.96 139.44 -72.57 91.71 -72.22 87.91 curveto
-71.88 84.11 -62.25 32.61 -61.39 28.42 curveto
-60.52 24.23 -54.6 9.51 -53.95 8.21 curveto
-53.29 6.92 -42.14 -42.86 -41.09 -50.48 curveto
-40.04 -58.1 -21.57 -130.42 -19.49 -139 curveto
-17.4 -147.58 -10.83 -177.65 -10.48 -181.45 curveto
-10.14 -185.26 -14.64 -192.24 -14.63 -195.48 curveto
-14.61 -198.73 -23.09 -198.83 -19.81 -205.31 curveto
-16.54 -211.79 -17.06 -215 -13.96 -217.69 curveto
-10.85 -220.37 -6.88 -220.39 -3.23 -219.5 curveto
0.42 -218.6 4.2 -218.61 6.4 -218.01 curveto
8.59 -217.4 11.68 -216.83 15.31 -216.48 curveto
18.93 -216.12 23.63 -215.82 27.6 -215.67 curveto
31.58 -215.51 39.51 -215.37 44.42 -214.54 curveto
49.33 -213.71 59.47 -212.79 61.65 -208.94 curveto
63.83 -205.08 62.22 -201.4 65.26 -198.31 curveto
68.3 -195.22 69.11 -197.06 72.38 -196.51 curveto
75.65 -195.95 82.18 -195.21 86.24 -193.43 curveto stroke
 0 0.9 0.9 0.2 setcmykcolor
newpath -70.03 218.83 moveto
-70.03 218.83 -69.15 218.42 -69.8 216.29 curveto
-70.45 214.16 -76.47 209.25 -79.09 207.4 curveto
-81.71 205.55 -86.51 203.27 -85.08 199.59 curveto
-83.64 195.91 -66.7 153.59 -66.74 152.87 curveto
-66.78 152.16 -64.44 148.43 -67.86 148.61 curveto
-71.27 148.78 -80.1 148.87 -80.22 146.53 curveto
-80.34 144.2 -79.46 143.79 -79.21 141.62 curveto
-78.96 139.44 -72.57 91.71 -72.22 87.91 curveto
-71.88 84.11 -62.26 32.61 -61.39 28.42 curveto
-60.52 24.23 -54.61 9.51 -53.95 8.21 curveto
-53.3 6.92 -42.14 -42.86 -41.09 -50.48 curveto
-40.04 -58.1 -21.57 -130.42 -19.48 -139 curveto
-17.4 -147.58 -10.83 -177.65 -10.48 -181.46 curveto
-10.13 -185.26 -14.64 -192.24 -14.62 -195.48 curveto
-14.61 -198.73 -23.09 -198.83 -19.81 -205.31 curveto
-16.54 -211.79 -17.06 -215 -13.96 -217.69 curveto
-10.85 -220.37 -6.89 -220.39 -3.23 -219.5 curveto
0.42 -218.6 4.2 -218.61 6.39 -218.01 curveto
8.59 -217.4 11.68 -216.83 15.3 -216.48 curveto
18.93 -216.12 23.63 -215.82 27.6 -215.67 curveto
31.57 -215.51 39.51 -215.37 44.42 -214.54 curveto
49.33 -213.71 59.47 -212.79 61.65 -208.94 curveto
63.83 -205.08 62.22 -201.39 65.26 -198.31 curveto
68.3 -195.22 69.11 -197.06 72.38 -196.51 curveto
75.65 -195.95 82.18 -195.21 86.23 -193.43 curveto stroke
 0 0 0 1 setcmykcolor 0 1.2 dtransform truncate idtransform setlinewidth pop
newpath 83.28 -191.31 moveto
83.28 -191.31 79.75 -193.29 70.77 -192.83 curveto
61.78 -192.36 64.07 -193.38 58.67 -189.68 curveto
53.27 -185.98 52.62 -184.69 52.74 -182.17 curveto
52.87 -179.65 54.86 -175.97 54.86 -175.97 curveto
54.86 -175.97 55.88 -163.05 50.45 -163.49 curveto
45.02 -163.93 37.15 -166.42 35.96 -168.52 curveto
34.77 -170.62 36.33 -175.38 36.33 -175.38 curveto stroke
 0.6 0.4 0 0.1 setcmykcolor 0 0.84 dtransform truncate idtransform setlinewidth pop
newpath 83.28 -191.3 moveto
83.28 -191.3 79.75 -193.28 70.77 -192.82 curveto
61.78 -192.36 64.07 -193.38 58.67 -189.68 curveto
53.27 -185.98 52.62 -184.68 52.74 -182.17 curveto
52.87 -179.65 54.86 -175.97 54.86 -175.97 curveto
54.86 -175.97 55.88 -163.04 50.45 -163.49 curveto
45.02 -163.93 37.15 -166.41 35.96 -168.51 curveto
34.77 -170.62 36.33 -175.38 36.33 -175.38 curveto stroke
 0 0.9 0.9 0.2 setcmykcolor
newpath 83.28 -191.3 moveto
83.28 -191.3 79.75 -193.28 70.76 -192.82 curveto
61.78 -192.36 64.07 -193.38 58.67 -189.68 curveto
53.27 -185.98 52.62 -184.68 52.75 -182.17 curveto
52.87 -179.65 54.86 -175.97 54.86 -175.97 curveto
54.86 -175.97 55.89 -163.04 50.46 -163.48 curveto
45.03 -163.93 37.15 -166.41 35.96 -168.51 curveto
34.77 -170.61 36.33 -175.38 36.33 -175.38 curveto stroke
 0 0 0 1 setcmykcolor 0 3.98505 dtransform truncate idtransform setlinewidth pop
newpath -70.68 214.56 moveto 0 0 rlineto stroke
newpath -70.59 215.55 moveto 0 0 rlineto stroke
 0.84 0 dtransform exch truncate exch idtransform pop setlinewidth
newpath -70.68 214.56 moveto
-70.59 215.55 lineto stroke
 1 0.85 0 setrgbcolor 0 3.98505 dtransform truncate idtransform setlinewidth pop
newpath -69.8 216.29 moveto 0 0 rlineto stroke
newpath -69.15 218.42 moveto 0 0 rlineto stroke
 0 0.84 dtransform truncate idtransform setlinewidth pop
newpath -70.68 214.56 moveto
-69.8 216.29 lineto
-69.15 218.42 lineto
-70.59 215.55 lineto stroke
showpage
%%EOF
