%!PS
%%BoundingBox: -297 -315 292 323 
%%HiResBoundingBox: -296.44373 -314.64 291.60008 322.08 
%%Creator: MetaPost 2.11
%%CreationDate: 2025.10.14:2236
%%Pages: 1
%%BeginProlog
%%EndProlog
%%Page: 1 1
 0 0 0 1 setcmykcolor 0 1.2 dtransform truncate idtransform setlinewidth pop
 [] 0 setdash 1 setlinecap 1 setlinejoin 10 setmiterlimit
newpath 223.28 321.48 moveto
223.28 321.48 215.67 297.01 224.57 291.49 curveto
233.47 285.97 259.11 256.48 258.33 251.83 curveto
257.54 247.19 237.83 218.86 237.02 213.86 curveto
236.21 208.85 228.85 178.96 222.46 177.32 curveto
216.06 175.68 217.54 173.07 205.91 174.59 curveto
194.27 176.12 181.45 189.24 175.39 187.22 curveto
169.34 185.2 154.78 165.78 154.72 157.85 curveto
154.66 149.92 152.74 141.01 146.04 137.04 curveto
139.34 133.07 116.31 123.67 104.79 127.34 curveto
93.27 131.02 60.04 140 49.64 141.09 curveto
39.25 142.19 26.83 149.34 12.66 150.63 curveto
-1.51 151.93 -22.17 156.44 -34.98 156.22 curveto
-47.78 156.01 -75.21 172.61 -80.07 172.87 curveto
-84.92 173.13 -99.41 171.54 -114.53 175.06 curveto
-129.67 178.59 -141.6 181.39 -149.83 182.55 curveto
-158.06 183.71 -166.08 185.4 -173.3 188.49 curveto
-180.52 191.58 -184.57 196.85 -191.52 194.87 curveto
-198.47 192.9 -200.45 186.14 -211.52 187.99 curveto
-222.59 189.84 -242.61 199.76 -247.74 198.41 curveto
-252.87 197.06 -262.15 179.13 -254.25 168.25 curveto
-246.36 157.37 -238.88 158.96 -233.29 155.6 curveto
-227.71 152.25 -225.01 148.68 -214.85 146.7 curveto
-204.68 144.72 -185.28 139.91 -178.97 136.51 curveto
-172.66 133.12 -151.49 121.18 -157.59 115.02 curveto
-163.68 108.85 -165.44 106.42 -179.4 104.99 curveto
-193.36 103.56 -212.61 104.55 -216.46 106.89 curveto stroke
 0.6 0.4 0 0.1 setcmykcolor 0 0.84 dtransform truncate idtransform setlinewidth pop
newpath 223.28 321.48 moveto
223.28 321.48 215.67 297.01 224.57 291.49 curveto
233.47 285.97 259.11 256.48 258.33 251.83 curveto
257.54 247.19 237.83 218.86 237.02 213.86 curveto
236.21 208.85 228.85 178.96 222.46 177.32 curveto
216.06 175.68 217.54 173.07 205.91 174.6 curveto
194.27 176.12 181.45 189.24 175.39 187.22 curveto
169.34 185.2 154.78 165.78 154.72 157.85 curveto
154.66 149.93 152.74 141.01 146.04 137.04 curveto
139.34 133.08 116.31 123.67 104.79 127.34 curveto
93.27 131.02 60.04 140 49.64 141.09 curveto
39.25 142.19 26.83 149.34 12.66 150.63 curveto
-1.51 151.92 -22.17 156.45 -34.98 156.23 curveto
-47.78 156.01 -75.21 172.61 -80.07 172.87 curveto
-84.92 173.13 -99.41 171.55 -114.53 175.06 curveto
-129.67 178.59 -141.6 181.39 -149.83 182.55 curveto
-158.06 183.71 -166.08 185.4 -173.3 188.49 curveto
-180.52 191.58 -184.57 196.85 -191.52 194.87 curveto
-198.47 192.89 -200.45 186.15 -211.52 187.99 curveto
-222.59 189.85 -242.61 199.76 -247.74 198.41 curveto
-252.87 197.06 -262.14 179.14 -254.25 168.25 curveto
-246.35 157.38 -238.88 158.97 -233.29 155.61 curveto
-227.71 152.25 -225.01 148.68 -214.84 146.7 curveto
-204.67 144.72 -185.28 139.91 -178.97 136.52 curveto
-172.66 133.12 -151.49 121.18 -157.58 115.02 curveto
-163.68 108.85 -165.43 106.42 -179.39 105 curveto
-193.35 103.58 -212.58 104.6 -216.42 106.97 curveto stroke
 0 0.9 0.9 0.2 setcmykcolor
newpath 223.25 321.47 moveto
223.25 321.47 215.64 297.01 224.53 291.49 curveto
233.43 285.97 259.07 256.49 258.29 251.84 curveto
257.5 247.2 237.79 218.87 236.98 213.87 curveto
236.17 208.87 228.81 178.98 222.42 177.34 curveto
216.02 175.7 217.51 173.1 205.87 174.62 curveto
194.24 176.14 181.42 189.26 175.37 187.23 curveto
169.31 185.21 154.76 165.81 154.7 157.88 curveto
154.64 149.95 152.72 141.04 146.02 137.07 curveto
139.32 133.11 116.29 123.7 104.77 127.38 curveto
93.26 131.05 60.03 140.03 49.64 141.13 curveto
39.24 142.22 26.83 149.37 12.66 150.67 curveto
-1.51 151.96 -22.17 156.49 -34.98 156.27 curveto
-47.79 156.05 -75.2 172.65 -80.05 172.91 curveto
-84.9 173.17 -99.4 171.6 -114.54 175.11 curveto
-129.67 178.62 -141.59 181.41 -149.82 182.57 curveto
-158.05 183.73 -166.07 185.42 -173.3 188.51 curveto
-180.52 191.6 -184.56 196.86 -191.52 194.89 curveto
-198.47 192.91 -200.45 186.17 -211.53 188.02 curveto
-222.6 189.87 -242.62 199.77 -247.74 198.42 curveto
-252.86 197.07 -262.1 179.18 -254.21 168.31 curveto
-246.32 157.44 -238.85 159.02 -233.26 155.66 curveto
-227.67 152.3 -224.98 148.73 -214.81 146.75 curveto
-204.64 144.76 -185.25 139.95 -178.95 136.55 curveto
-172.64 133.15 -151.47 121.2 -157.57 115.04 curveto
-163.66 108.88 -165.41 106.45 -179.36 105.03 curveto
-193.32 103.61 -212.55 104.63 -216.39 107 curveto stroke
 0 0 0 1 setcmykcolor 0 1.2 dtransform truncate idtransform setlinewidth pop
newpath -226.75 106.73 moveto
-221.62 104.66 -209.95 99.75 -223.02 98.62 curveto
-236.05 97.5 -273.62 99.21 -279.3 97.36 curveto
-285 95.5 -297.72 90.23 -295.61 82.38 curveto
-293.49 74.52 -278.72 57.02 -269.83 51.69 curveto
-260.91 46.36 -253.01 39.26 -254.9 30.71 curveto
-256.8 22.15 -264.58 -1.94 -260.33 -6.67 curveto
-256.07 -11.4 -245.2 -20.46 -230.75 -13.3 curveto
-216.31 -6.14 -211.56 8.58 -205.34 -3.29 curveto
-199.13 -15.16 -185.67 -33.18 -186.19 -39.64 curveto
-186.72 -46.1 -194.91 -51.07 -197.07 -54.38 curveto
-199.23 -57.69 -192.94 -74.97 -189.52 -81.82 curveto
-186.1 -88.67 -184.09 -91.66 -188.15 -93.43 curveto
-192.21 -95.2 -205.04 -95.78 -186.59 -125.06 curveto
-168.14 -154.34 -172.79 -143.45 -171.05 -151.3 curveto
-169.3 -159.14 -170.4 -176.39 -164.19 -185.01 curveto
-157.98 -193.64 -150.77 -183.57 -143.51 -192.78 curveto
-136.25 -202 -130.95 -213.26 -130.8 -218.16 curveto
-130.41 -231.16 -127.41 -239.07 -109.39 -229.03 curveto
-100.09 -223.85 -83.07 -225.56 -74.19 -228.02 curveto
-65.31 -230.47 -51.08 -237.54 -45.05 -239.3 curveto
-39.01 -241.06 -29.68 -235.07 -19.72 -234.16 curveto stroke
 0.6 0.4 0 0.1 setcmykcolor 0 0.84 dtransform truncate idtransform setlinewidth pop
newpath -226.7 106.8 moveto
-221.59 104.73 -209.95 99.78 -222.99 98.67 curveto
-236.03 97.57 -273.62 99.23 -279.31 97.37 curveto
-285 95.51 -297.71 90.24 -295.61 82.38 curveto
-293.49 74.52 -278.74 57.02 -269.83 51.7 curveto
-260.93 46.36 -253.01 39.26 -254.91 30.71 curveto
-256.81 22.16 -264.58 -1.94 -260.33 -6.67 curveto
-256.07 -11.4 -245.2 -20.45 -230.76 -13.29 curveto
-216.31 -6.13 -211.56 8.58 -205.34 -3.29 curveto
-199.13 -15.16 -185.67 -33.18 -186.19 -39.64 curveto
-186.72 -46.1 -194.91 -51.07 -197.07 -54.38 curveto
-199.23 -57.69 -192.94 -74.97 -189.52 -81.82 curveto
-186.1 -88.67 -184.09 -91.66 -188.15 -93.43 curveto
-192.21 -95.2 -205.04 -95.78 -186.59 -125.06 curveto
-168.14 -154.34 -172.79 -143.45 -171.05 -151.3 curveto
-169.3 -159.14 -170.4 -176.39 -164.19 -185.01 curveto
-157.98 -193.64 -150.77 -183.57 -143.51 -192.78 curveto
-136.25 -202 -130.95 -213.26 -130.8 -218.16 curveto
-130.41 -231.16 -127.41 -239.07 -109.39 -229.03 curveto
-100.09 -223.85 -83.07 -225.56 -74.19 -228.02 curveto
-65.31 -230.47 -51.08 -237.54 -45.05 -239.3 curveto
-39.01 -241.06 -29.68 -235.07 -19.72 -234.16 curveto stroke
 0 0.9 0.9 0.2 setcmykcolor
newpath -226.67 106.83 moveto
-221.55 104.75 -209.92 99.81 -222.96 98.7 curveto
-235.99 97.59 -273.57 99.23 -279.25 97.37 curveto
-284.94 95.52 -297.66 90.25 -295.55 82.38 curveto
-293.45 74.52 -278.7 56.98 -269.8 51.64 curveto
-260.89 46.29 -252.98 39.21 -254.88 30.66 curveto
-256.77 22.11 -264.54 -1.99 -260.29 -6.72 curveto
-256.04 -11.45 -245.17 -20.5 -230.73 -13.34 curveto
-216.29 -6.18 -211.54 8.52 -205.32 -3.34 curveto
-199.11 -15.21 -185.65 -33.23 -186.17 -39.69 curveto
-186.7 -46.15 -194.89 -51.12 -197.05 -54.43 curveto
-199.21 -57.74 -192.92 -75.01 -189.5 -81.86 curveto
-186.08 -88.71 -184.08 -91.7 -188.14 -93.47 curveto
-192.2 -95.23 -205.02 -95.81 -186.58 -125.09 curveto
-168.13 -154.37 -172.78 -143.49 -171.04 -151.33 curveto
-169.29 -159.17 -170.39 -176.41 -164.18 -185.04 curveto
-157.97 -193.66 -150.77 -183.59 -143.51 -192.81 curveto
-136.25 -202.02 -130.95 -213.28 -130.8 -218.17 curveto
-130.41 -231.17 -127.41 -239.08 -109.39 -229.04 curveto
-100.1 -223.87 -83.08 -225.58 -74.2 -228.04 curveto
-65.32 -230.49 -51.1 -237.56 -45.06 -239.32 curveto
-39.03 -241.08 -29.7 -235.09 -19.74 -234.18 curveto stroke
 0 0 0 1 setcmykcolor 0 1.2 dtransform truncate idtransform setlinewidth pop
newpath 48.31 -171.81 moveto
45.81 -171.31 42.06 -170.75 34.53 -169.99 curveto
27 -169.23 15.58 -177.1 12.42 -182.34 curveto
9.26 -187.58 25.8 -201.97 28.79 -206.82 curveto
31.78 -211.66 32.6 -213.15 31.13 -217.04 curveto
29.65 -220.92 -2.3 -218.5 -10.47 -219.51 curveto stroke
 0.6 0.4 0 0.1 setcmykcolor 0 0.84 dtransform truncate idtransform setlinewidth pop
newpath 48.31 -171.8 moveto
45.81 -171.31 42.06 -170.75 34.53 -169.99 curveto
27 -169.23 15.58 -177.1 12.42 -182.34 curveto
9.26 -187.58 25.8 -201.97 28.79 -206.82 curveto
31.78 -211.66 32.6 -213.15 31.13 -217.04 curveto
29.66 -220.92 -2.3 -218.5 -10.47 -219.51 curveto stroke
 0 0.9 0.9 0.2 setcmykcolor
newpath 48.28 -171.84 moveto
45.79 -171.35 42.03 -170.79 34.5 -170.03 curveto
26.97 -169.27 15.56 -177.13 12.4 -182.37 curveto
9.24 -187.61 25.77 -202 28.76 -206.85 curveto
31.74 -211.69 32.56 -213.18 31.1 -217.07 curveto
29.63 -220.95 -2.32 -218.53 -10.49 -219.54 curveto stroke
 0 0 0 1 setcmykcolor 0 1.2 dtransform truncate idtransform setlinewidth pop
newpath 87.38 -203.27 moveto
84.83 -203.68 63.95 -209.95 54.61 -212.7 curveto
45.27 -215.45 43.58 -209.95 41.54 -207.68 curveto
39.5 -205.4 39.4 -190.26 39.98 -186.14 curveto
40.56 -182.03 45.25 -185.34 49.25 -184.65 curveto stroke
 0.6 0.4 0 0.1 setcmykcolor 0 0.84 dtransform truncate idtransform setlinewidth pop
newpath 87.38 -203.27 moveto
84.83 -203.68 63.95 -209.95 54.61 -212.7 curveto
45.27 -215.45 43.58 -209.95 41.54 -207.68 curveto
39.5 -205.4 39.4 -190.26 39.98 -186.14 curveto
40.56 -182.03 45.25 -185.34 49.25 -184.65 curveto stroke
 0 0.9 0.9 0.2 setcmykcolor
newpath 87.34 -203.3 moveto
84.79 -203.71 63.91 -209.98 54.58 -212.73 curveto
45.24 -215.48 43.55 -209.98 41.51 -207.71 curveto
39.46 -205.44 39.37 -190.29 39.95 -186.18 curveto
40.53 -182.06 45.22 -185.38 49.22 -184.69 curveto stroke
 0 0 0 1 setcmykcolor 0 1.2 dtransform truncate idtransform setlinewidth pop
newpath 56.94 -304.39 moveto
55.25 -302.32 57.26 -295.03 63.65 -289.97 curveto
68.33 -286.27 71.16 -284.42 75.81 -274.93 curveto
80.46 -265.45 73.37 -249.57 70.24 -244.17 curveto
67.1 -238.78 62.26 -224.64 62.11 -220.85 curveto
61.95 -217.06 86.47 -213.5 92.92 -210.96 curveto stroke
 0.6 0.4 0 0.1 setcmykcolor 0 0.84 dtransform truncate idtransform setlinewidth pop
newpath 56.94 -304.39 moveto
55.25 -302.32 57.26 -295.03 63.65 -289.97 curveto
68.33 -286.26 71.16 -284.42 75.81 -274.93 curveto
80.46 -265.45 73.37 -249.57 70.24 -244.17 curveto
67.1 -238.78 62.26 -224.64 62.11 -220.85 curveto
61.95 -217.06 86.47 -213.5 92.92 -210.96 curveto stroke
 0 0.9 0.9 0.2 setcmykcolor
newpath 56.9 -304.41 moveto
55.21 -302.33 57.22 -295.05 63.62 -289.99 curveto
68.29 -286.28 71.12 -284.44 75.77 -274.95 curveto
80.42 -265.47 73.34 -249.59 70.2 -244.2 curveto
67.06 -238.81 62.23 -224.67 62.07 -220.88 curveto
61.91 -217.09 86.43 -213.53 92.87 -210.99 curveto stroke
 0 0 0 1 setcmykcolor 0 1.2 dtransform truncate idtransform setlinewidth pop
newpath -19.72 -234.16 moveto
-16.61 -233.24 28.34 -228.79 34.23 -229.82 curveto
40.12 -230.85 37.27 -237.01 30.09 -243.3 curveto
22.9 -249.59 15.09 -267.74 14.85 -275.48 curveto
14.62 -283.22 37.8 -308.42 45.25 -314.04 curveto stroke
 0.6 0.4 0 0.1 setcmykcolor 0 0.84 dtransform truncate idtransform setlinewidth pop
newpath -19.72 -234.16 moveto
-16.61 -233.24 28.34 -228.78 34.23 -229.82 curveto
40.12 -230.85 37.27 -237.01 30.09 -243.3 curveto
22.9 -249.59 15.09 -267.74 14.85 -275.48 curveto
14.62 -283.22 37.8 -308.42 45.25 -314.04 curveto stroke
 0 0.9 0.9 0.2 setcmykcolor
newpath -19.74 -234.18 moveto
-16.63 -233.27 28.31 -228.81 34.2 -229.85 curveto
40.09 -230.88 37.24 -237.04 30.06 -243.32 curveto
22.87 -249.61 15.06 -267.75 14.83 -275.49 curveto
14.59 -283.23 37.76 -308.43 45.21 -314.06 curveto stroke
 0 0 0 1 setcmykcolor
newpath -70.1758 -221.84985 moveto
-68.19421 -224.73134 -63.78581 -224.73135 -61.80421 -221.84988 curveto
-61.80421 -221.84993 lineto
-70.17575 -221.84993 lineto
 closepath fill
 0 0.6 dtransform truncate idtransform setlinewidth pop
newpath -70.78993 -220.65004 moveto
-69.15887 -225.13129 -62.82114 -225.13129 -61.19008 -220.65004 curveto stroke
 0 1.99252 dtransform truncate idtransform setlinewidth pop
newpath -65.99 -223.05 moveto 0 0 rlineto stroke
 0.6 0.4 0 0.1 setcmykcolor
newpath -65.99 -223.04 moveto 0 0 rlineto stroke
 0 0.9 0.9 0.2 setcmykcolor
newpath -66 -223.07 moveto 0 0 rlineto stroke
 0 0 0 1 setcmykcolor 0 1.2 dtransform truncate idtransform setlinewidth pop
newpath -10.47 -219.51 moveto
-21.65 -219.64 -60.79 -216.83 -72.52 -216.93 curveto
-84.24 -217.03 -111.59 -219.54 -118.61 -212.68 curveto
-125.64 -205.81 -127.8 -195.6 -128.41 -190.16 curveto
-129.02 -184.72 -129.1 -162.37 -134.69 -159.18 curveto
-140.29 -156 -140.99 -165.7 -145.07 -164.4 curveto
-149.14 -163.1 -156.61 -157.84 -159.64 -150.46 curveto
-162.68 -143.09 -172.66 -120.75 -174.27 -117.06 curveto
-176.31 -112.39 -184.89 -103.16 -181.91 -101.33 curveto
-178.92 -99.51 -172.15 -94.1 -173.55 -86.64 curveto
-174.96 -79.17 -188.16 -66.39 -183.48 -63.22 curveto
-178.81 -60.04 -168.01 -57.01 -171.76 -49.6 curveto
-175.51 -42.19 -188.13 -11.78 -192.32 -5.79 curveto
-196.51 0.2 -204.71 25.51 -215.07 23.9 curveto
-225.43 22.29 -245.73 6.79 -247.57 12.83 curveto
-249.41 18.88 -244.98 24.23 -244.15 33.02 curveto
-243.32 41.81 -242.06 48.59 -251.75 52.52 curveto
-261.46 56.47 -257.62 57.34 -254.95 60.08 curveto stroke
 0.6 0.4 0 0.1 setcmykcolor 0 0.84 dtransform truncate idtransform setlinewidth pop
newpath -10.47 -219.51 moveto
-21.65 -219.63 -60.79 -216.83 -72.52 -216.93 curveto
-84.24 -217.03 -111.59 -219.54 -118.61 -212.68 curveto
-125.64 -205.81 -127.8 -195.6 -128.41 -190.16 curveto
-129.02 -184.72 -129.1 -162.37 -134.69 -159.18 curveto
-140.29 -156 -140.99 -165.7 -145.07 -164.4 curveto
-149.14 -163.1 -156.61 -157.84 -159.64 -150.46 curveto
-162.68 -143.09 -172.66 -120.75 -174.27 -117.06 curveto
-176.31 -112.39 -184.89 -103.16 -181.91 -101.33 curveto
-178.92 -99.51 -172.15 -94.1 -173.55 -86.64 curveto
-174.96 -79.17 -188.16 -66.39 -183.48 -63.21 curveto
-178.81 -60.04 -168.01 -57.01 -171.76 -49.6 curveto
-175.51 -42.19 -188.13 -11.78 -192.32 -5.79 curveto
-196.51 0.21 -204.71 25.52 -215.07 23.91 curveto
-225.43 22.3 -245.73 6.79 -247.57 12.84 curveto
-249.41 18.89 -244.98 24.24 -244.15 33.02 curveto
-243.32 41.81 -242.06 48.6 -251.77 52.54 curveto
-261.47 56.48 -257.64 57.36 -254.97 60.1 curveto stroke
 0 0.9 0.9 0.2 setcmykcolor
newpath -10.49 -219.54 moveto
-21.67 -219.66 -60.81 -216.86 -72.53 -216.95 curveto
-84.25 -217.05 -111.59 -219.56 -118.62 -212.69 curveto
-125.64 -205.83 -127.8 -195.62 -128.41 -190.19 curveto
-129.02 -184.75 -129.09 -162.39 -134.69 -159.21 curveto
-140.29 -156.03 -140.98 -165.73 -145.06 -164.43 curveto
-149.14 -163.13 -156.61 -157.87 -159.64 -150.49 curveto
-162.67 -143.12 -172.65 -120.79 -174.26 -117.1 curveto
-176.29 -112.42 -184.87 -103.19 -181.89 -101.37 curveto
-178.91 -99.55 -172.13 -94.14 -173.54 -86.68 curveto
-174.94 -79.21 -188.14 -66.43 -183.46 -63.26 curveto
-178.79 -60.08 -168 -57.06 -171.75 -49.65 curveto
-175.5 -42.24 -188.11 -11.83 -192.3 -5.84 curveto
-196.49 0.15 -204.69 25.46 -215.05 23.85 curveto
-225.41 22.24 -245.7 6.74 -247.54 12.78 curveto
-249.38 18.83 -244.95 24.18 -244.12 32.97 curveto
-243.29 41.75 -242.03 48.53 -251.73 52.48 curveto
-261.43 56.42 -257.6 57.29 -254.93 60.03 curveto stroke
 0 0 0 1 setcmykcolor 0 1.2 dtransform truncate idtransform setlinewidth pop
newpath 276.58 188.32 moveto
252.18 190.52 266.23 231.05 268.1 242.48 curveto
269.97 253.92 270.39 258.4 261.85 267.33 curveto
253.32 276.26 241.16 288.26 235.75 291.61 curveto
230.34 294.97 227.34 296.21 228.45 300.12 curveto
229.56 304.02 236.52 319.51 237.64 320.35 curveto stroke
 0.6 0.4 0 0.1 setcmykcolor 0 0.84 dtransform truncate idtransform setlinewidth pop
newpath 276.58 188.32 moveto
252.18 190.52 266.23 231.05 268.1 242.48 curveto
269.97 253.92 270.39 258.4 261.86 267.33 curveto
253.32 276.26 241.16 288.26 235.75 291.62 curveto
230.34 294.97 227.34 296.21 228.45 300.12 curveto
229.56 304.02 236.52 319.51 237.65 320.36 curveto stroke
 0 0.9 0.9 0.2 setcmykcolor
newpath 276.53 188.33 moveto
252.14 190.53 266.19 231.06 268.06 242.49 curveto
269.93 253.93 270.35 258.41 261.81 267.33 curveto
253.28 276.26 241.12 288.26 235.71 291.61 curveto
230.31 294.96 227.31 296.21 228.42 300.11 curveto
229.53 304.02 236.48 319.51 237.61 320.35 curveto stroke
 0 0 0 1 setcmykcolor 0 1.2 dtransform truncate idtransform setlinewidth pop
newpath -259.51 65.69 moveto
-263.39 63.93 -272.77 64.07 -276.32 72 curveto
-279.87 79.91 -284.52 80.7 -273.37 83.51 curveto
-262.22 86.32 -236.26 90.15 -227.97 90.25 curveto
-219.67 90.35 -189.53 87.32 -182.06 88.73 curveto
-174.6 90.14 -154.29 95.73 -150.87 102.4 curveto
-147.45 109.07 -156.5 115.14 -141.18 118.47 curveto
-125.86 121.8 -95.92 122.01 -86.4 124.74 curveto
-76.89 127.48 -28.8 143.83 -14.63 142.35 curveto
-0.48 140.87 8.28 139.51 18.17 135.74 curveto
28.07 131.97 104.59 103.2 112.69 103.13 curveto
120.8 103.06 138.29 109.88 147.93 118.38 curveto
157.58 126.88 183.38 147.68 189.87 151.11 curveto
196.37 154.55 212 162.77 224.28 164.24 curveto
259.66 168.48 260.54 185.02 276.72 184.16 curveto stroke
 0.6 0.4 0 0.1 setcmykcolor 0 0.84 dtransform truncate idtransform setlinewidth pop
newpath -259.55 65.75 moveto
-263.43 63.97 -272.79 64.09 -276.34 72.02 curveto
-279.88 79.93 -284.53 80.72 -273.38 83.53 curveto
-262.23 86.36 -236.24 90.19 -227.95 90.29 curveto
-219.65 90.38 -189.53 87.33 -182.06 88.74 curveto
-174.59 90.15 -154.29 95.73 -150.87 102.4 curveto
-147.45 109.07 -156.5 115.14 -141.18 118.47 curveto
-125.86 121.8 -95.92 122.01 -86.4 124.74 curveto
-76.89 127.48 -28.79 143.83 -14.63 142.35 curveto
-0.48 140.88 8.28 139.51 18.17 135.74 curveto
28.07 131.97 104.59 103.2 112.69 103.13 curveto
120.8 103.06 138.29 109.88 147.93 118.38 curveto
157.58 126.88 183.38 147.68 189.87 151.11 curveto
196.37 154.55 212 162.77 224.28 164.24 curveto
259.66 168.49 260.54 185.02 276.72 184.16 curveto stroke
 0 0.9 0.9 0.2 setcmykcolor
newpath -259.5 65.68 moveto
-263.38 63.91 -272.74 64.05 -276.28 71.99 curveto
-279.82 79.92 -284.47 80.71 -273.32 83.54 curveto
-262.18 86.37 -236.2 90.22 -227.91 90.31 curveto
-219.61 90.41 -189.5 87.37 -182.03 88.77 curveto
-174.57 90.18 -154.27 95.76 -150.85 102.43 curveto
-147.43 109.09 -156.48 115.16 -141.16 118.49 curveto
-125.85 121.82 -95.92 122.03 -86.4 124.77 curveto
-76.88 127.5 -28.79 143.86 -14.63 142.39 curveto
-0.48 140.91 8.28 139.55 18.17 135.78 curveto
28.07 132 104.57 103.24 112.68 103.17 curveto
120.78 103.1 138.27 109.91 147.91 118.41 curveto
157.55 126.91 183.35 147.7 189.84 151.14 curveto
196.33 154.58 211.97 162.79 224.24 164.27 curveto
259.61 168.51 260.49 185.04 276.67 184.18 curveto stroke
 0.83 0.54 0 0 setcmykcolor 0 0.42001
 dtransform truncate idtransform setlinewidth pop
newpath -267.26 -11.71 moveto
-267.10706 -9.30032 -265.25914 -7.35547 -262.86589 -6.95062 curveto
-259.9404 -6.45573 -257.87804 -3.9367 -259.03325 -1.72665 curveto
-260.14403 0.39838 -258.2834 2.70091 -255.8569 3.91801 curveto
-253.4842 5.10812 -252.26492 7.83435 -253.55293 9.96861 curveto
-254.7773 11.9974 -252.62933 14.11569 -252.43 16.34 curveto
-252.43 16.34 lineto stroke
newpath -252.16472 12.34882 moveto
-252.27834 13.63205 -252.04074 15.09633 -252.43 16.34 curveto
-252.43 16.34 lineto
-252.43 16.34 lineto
-253.03418 15.18535 -254.2376 14.318 -255.06465 13.33026 curveto
 closepath stroke
newpath -252.16472 12.34882 moveto
-252.27834 13.63205 -252.04074 15.09633 -252.43 16.34 curveto
-252.43 16.34 lineto
-252.43 16.34 lineto
-253.03418 15.18535 -254.2376 14.318 -255.06465 13.33026 curveto
 closepath fill
 0 0 0 1 setcmykcolor 0 0.6 dtransform truncate idtransform setlinewidth pop
newpath -168.45 -122.86003 moveto
-156.45 -122.86003 lineto stroke
 0.42001 0 dtransform exch truncate exch idtransform pop setlinewidth
newpath -167.24992 -122.86003 moveto
-167.24992 -125.26 lineto stroke
newpath -163.88994 -122.86003 moveto
-163.88994 -128.26 lineto stroke
newpath -162.20995 -122.86003 moveto
-162.20995 -126.46007 lineto stroke
newpath -159.69005 -122.86003 moveto
-159.69005 -127.54002 lineto stroke
newpath -158.24992 -122.86003 moveto
-158.24992 -127.05992 lineto stroke
 0 1.99252 dtransform truncate idtransform setlinewidth pop
newpath -162.45 -125.26 moveto 0 0 rlineto stroke
 0.6 0.4 0 0.1 setcmykcolor
newpath -162.45 -125.26 moveto 0 0 rlineto stroke
 0 0.9 0.9 0.2 setcmykcolor
newpath -162.44 -125.29 moveto 0 0 rlineto stroke
 0 0 0 1 setcmykcolor
newpath -168.19579 -160.20985 moveto
-166.2142 -163.09134 -161.8058 -163.09135 -159.8242 -160.20988 curveto
-159.8242 -160.20993 lineto
-168.19574 -160.20993 lineto
 closepath fill
 0 0.6 dtransform truncate idtransform setlinewidth pop
newpath -168.80992 -159.01004 moveto
-167.17886 -163.49129 -160.84113 -163.49129 -159.21007 -159.01004 curveto stroke
 0 1.99252 dtransform truncate idtransform setlinewidth pop
newpath -164.01 -161.41 moveto 0 0 rlineto stroke
 0.6 0.4 0 0.1 setcmykcolor
newpath -164.01 -161.41 moveto 0 0 rlineto stroke
 0 0.9 0.9 0.2 setcmykcolor
newpath -164 -161.44 moveto 0 0 rlineto stroke
 0.83 0.54 0 0 setcmykcolor 0 0.42001
 dtransform truncate idtransform setlinewidth pop
newpath -151.35 -204.63 moveto
-153.60365 -201.92896 -152.3919 -198.34772 -149.87585 -198.4567 curveto
-147.38565 -198.56456 -145.3825 -196.4715 -145.3097 -193.92302 curveto
-145.24469 -191.64813 -143.8507 -189.66147 -141.87938 -188.50247 curveto
-138.95848 -186.7852 -139.3895 -182.80458 -142.08316 -182.20903 curveto
-145.53358 -181.44617 -145.26962 -176.21855 -141.44618 -175.82115 curveto
-138.91168 -175.55774 -139.87312 -172.1753 -139.4873 -169.67816 curveto
-139.15315 -167.51547 -138.02338 -165.58485 -136.57 -163.95 curveto
-136.57 -163.95 lineto stroke
newpath -137.32964 -167.87721 moveto
-137.2962 -166.54877 -137.01106 -165.22112 -136.57 -163.95 curveto
-136.57 -163.95 lineto
-136.57 -163.95 lineto
-137.78072 -164.53691 -138.92114 -165.27405 -139.88414 -166.18977 curveto
 closepath stroke
newpath -137.32964 -167.87721 moveto
-137.2962 -166.54877 -137.01106 -165.22112 -136.57 -163.95 curveto
-136.57 -163.95 lineto
-136.57 -163.95 lineto
-137.78072 -164.53691 -138.92114 -165.27405 -139.88414 -166.18977 curveto
 closepath fill
 0 0 0 1 setcmykcolor 0 0.6 dtransform truncate idtransform setlinewidth pop
newpath -89.70793 114.03514 moveto
-111.18568 111.73987 lineto stroke
newpath -94.13925 115.97522 moveto
-93.36887 114.4027 -91.49857 113.84378 -89.70793 114.03514 curveto stroke
newpath -93.62921 111.20245 moveto
-93.20853 112.90227 -91.49857 113.84378 -89.70793 114.03514 curveto stroke
newpath -111.18568 111.73987 moveto
-113.31705 109.09846 lineto stroke
newpath -108.79932 111.9949 moveto
-110.93066 109.35349 lineto stroke
newpath -106.41293 112.24992 moveto
-108.5443 109.60852 lineto stroke
 0 1.99252 dtransform truncate idtransform setlinewidth pop
newpath -101.64 112.76 moveto 0 0 rlineto stroke
 0.6 0.4 0 0.1 setcmykcolor
newpath -101.64 112.76 moveto 0 0 rlineto stroke
 0 0.9 0.9 0.2 setcmykcolor
newpath -101.64 112.78 moveto 0 0 rlineto stroke
 0.83 0.54 0 0 setcmykcolor 0 0.42001
 dtransform truncate idtransform setlinewidth pop
newpath 280.97 186.1 moveto
279.06119 184.3687 276.13649 184.33647 274.56209 186.25925 curveto
272.94728 188.23137 269.97726 188.35739 268.15862 186.55487 curveto
266.03746 184.45253 262.6808 184.6617 261.7677 187.04323 curveto
260.91083 189.27812 257.87474 189.31624 255.4264 187.95657 curveto
251.54886 185.80319 248.76228 189.95007 250.75362 191.77069 curveto
252.48059 193.3496 251.2212 196.0004 249.43199 198.00368 curveto
247.86356 199.75975 249.69853 202.0779 250.39 204.31 curveto
250.39 204.31 lineto stroke
newpath 250.48509 200.31113 moveto
250.3087 201.5305 250.51108 203.00195 250.39 204.31 curveto
250.39 204.31 lineto
250.39 204.31 lineto
249.55066 203.29947 248.36708 202.40211 247.62956 201.41519 curveto
 closepath stroke
newpath 250.48509 200.31113 moveto
250.3087 201.5305 250.51108 203.00195 250.39 204.31 curveto
250.39 204.31 lineto
250.39 204.31 lineto
249.55066 203.29947 248.36708 202.40211 247.62956 201.41519 curveto
 closepath fill
newpath 221.33 169.81 moveto
222.0307 172.58253 224.62013 174.46608 226.98772 173.415 curveto
229.24007 172.41505 231.2497 174.77611 232.40729 177.36932 curveto
233.48924 179.79308 235.12006 182.24924 237.5052 181.72795 curveto
240.64685 181.04132 243.24037 183.97472 242.04057 186.66356 curveto
240.95523 189.09589 244.50017 190.33488 245.26 192.51 curveto
245.26 192.51 lineto stroke
newpath 244.09283 188.68402 moveto
244.5198 189.92392 245.33157 191.24724 245.26 192.51 curveto
245.26 192.51 lineto
245.26 192.51 lineto
244.4177 191.56648 242.90796 191.2048 241.72928 190.63 curveto
 closepath stroke
newpath 244.09283 188.68402 moveto
244.5198 189.92392 245.33157 191.24724 245.26 192.51 curveto
245.26 192.51 lineto
245.26 192.51 lineto
244.4177 191.56648 242.90796 191.2048 241.72928 190.63 curveto
 closepath fill
newpath -35.62 134.1 moveto
-37.7512 135.62715 -38.03534 138.66199 -36.07593 140.13023 curveto
-34.15253 141.5715 -33.67024 144.27107 -35.17252 146.0658 curveto
-37.80849 149.21492 -30.81494 152.97032 -29.72278 147.39105 curveto
-29.214 144.79207 -25.46725 144.23755 -23.69228 146.89145 curveto
-22.31131 148.95622 -19.84157 146.43199 -17.67 146.3 curveto
-17.67 146.3 lineto stroke
newpath -21.66075 146.02895 moveto
-20.44032 146.17958 -18.85686 145.89082 -17.67 146.3 curveto
-17.67 146.3 lineto
-17.67 146.3 lineto
-18.79857 146.84993 -19.71404 148.17381 -20.68352 148.93028 curveto
 closepath stroke
newpath -21.66075 146.02895 moveto
-20.44032 146.17958 -18.85686 145.89082 -17.67 146.3 curveto
-17.67 146.3 lineto
-17.67 146.3 lineto
-18.79857 146.84993 -19.71404 148.17381 -20.68352 148.93028 curveto
 closepath fill
 0 0 0 1 setcmykcolor 0 0.6 dtransform truncate idtransform setlinewidth pop
newpath 288.89993 187.28996 moveto
288.89993 188.89006 291.30008 188.89006 291.30008 187.28996 curveto
291.30008 186.17297 290.1 185.40695 290.1 184.28996 curveto stroke
 0 1.44 dtransform truncate idtransform setlinewidth pop
newpath 290.1 182.49004 moveto 0 0 rlineto stroke
 0 1.99252 dtransform truncate idtransform setlinewidth pop
newpath 290.1 184.89 moveto 0 0 rlineto stroke
 0.6 0.4 0 0.1 setcmykcolor
newpath 290.1 184.9 moveto 0 0 rlineto stroke
 0 0.9 0.9 0.2 setcmykcolor
newpath 290.04 184.91 moveto 0 0 rlineto stroke
 0.83 0.54 0 0 setcmykcolor 0 0.42001
 dtransform truncate idtransform setlinewidth pop
newpath 229.43 291.41 moveto
227.68216 293.94672 226.38928 297.08403 228.53949 298.71541 curveto
230.70476 300.35822 229.79985 303.61069 227.87944 306.04478 curveto
226.11899 308.27614 225.73293 311.38373 227.5843 313.39722 curveto
229.38097 315.3512 227.55629 318.32536 228.47 320.66 curveto
228.47 320.66 lineto stroke
newpath 229.915 316.93018 moveto
229.29965 318.1344 228.49608 319.33316 228.47 320.66 curveto
228.47 320.66 lineto
228.47 320.66 lineto
227.55022 319.70337 227.27075 318.2875 226.85432 317.00089 curveto
 closepath stroke
newpath 229.915 316.93018 moveto
229.29965 318.1344 228.49608 319.33316 228.47 320.66 curveto
228.47 320.66 lineto
228.47 320.66 lineto
227.55022 319.70337 227.27075 318.2875 226.85432 317.00089 curveto
 closepath fill
 0 0 0 1 setcmykcolor 0 1.2 dtransform truncate idtransform setlinewidth pop
newpath -140.52 130.87 moveto
-151.52 130.74 -173.55 140.19 -178.83 142.46 curveto
-184.12 144.72 -212.4 155.4 -221.49 157.32 curveto
-230.58 159.24 -235.34 164.72 -243 172.88 curveto
-250.68 181.05 -245.95 184.77 -242.76 190.38 curveto
-239.57 195.98 -226.26 181.93 -218.81 179.73 curveto
-211.35 177.53 -206.25 178.7 -196.58 184.32 curveto
-186.92 189.94 -175.17 180.48 -172.12 180.14 curveto
-169.08 179.8 -140.3 175.37 -134.22 174.51 curveto
-128.13 173.64 -114.65 162.81 -110.01 161.84 curveto
-105.38 160.87 -92.31 166.13 -83.14 165.82 curveto
-73.96 165.51 -69.59 156.26 -58.54 147.02 curveto
-47.5 137.8 -82.37 132.82 -90.92 131.29 curveto
-99.47 129.77 -129.51 131.01 -140.52 130.87 curveto closepath stroke
 0.6 0.4 0 0.1 setcmykcolor 0 0.84 dtransform truncate idtransform setlinewidth pop
newpath -140.52 130.87 moveto
-151.52 130.74 -173.55 140.19 -178.83 142.46 curveto
-184.12 144.72 -212.4 155.41 -221.49 157.33 curveto
-230.58 159.25 -235.33 164.73 -243 172.88 curveto
-250.67 181.06 -245.96 184.77 -242.76 190.38 curveto
-239.57 195.99 -226.26 181.93 -218.81 179.73 curveto
-211.35 177.53 -206.24 178.7 -196.58 184.32 curveto
-186.92 189.94 -175.17 180.48 -172.12 180.14 curveto
-169.08 179.8 -140.3 175.37 -134.22 174.51 curveto
-128.13 173.64 -114.65 162.81 -110.01 161.84 curveto
-105.38 160.87 -92.31 166.13 -83.14 165.82 curveto
-73.96 165.51 -69.59 156.26 -58.54 147.02 curveto
-47.5 137.8 -82.37 132.82 -90.92 131.29 curveto
-99.47 129.77 -129.51 131.01 -140.52 130.87 curveto closepath stroke
 0 0.9 0.9 0.2 setcmykcolor
newpath -140.5 130.89 moveto
-151.5 130.76 -173.52 140.22 -178.81 142.49 curveto
-184.1 144.75 -212.36 155.45 -221.45 157.37 curveto
-230.54 159.3 -235.29 164.78 -242.97 172.94 curveto
-250.64 181.1 -245.94 184.81 -242.76 190.41 curveto
-239.58 196 -226.27 181.96 -218.82 179.76 curveto
-211.36 177.56 -206.26 178.73 -196.59 184.34 curveto
-186.92 189.96 -175.16 180.5 -172.12 180.16 curveto
-169.07 179.81 -140.29 175.4 -134.21 174.53 curveto
-128.13 173.67 -114.65 162.86 -110.01 161.89 curveto
-105.38 160.92 -92.3 166.17 -83.13 165.86 curveto
-73.95 165.55 -69.58 156.31 -58.54 147.07 curveto
-47.5 137.83 -82.37 132.84 -90.92 131.32 curveto
-99.47 129.79 -129.5 131.03 -140.5 130.89 curveto closepath stroke
 0 0 0 1 setcmykcolor 0 3.98505 dtransform truncate idtransform setlinewidth pop
newpath -210.64 98.76 moveto 0 0 rlineto stroke
newpath -216.46 106.89 moveto 0 0 rlineto stroke
 0 0.84 dtransform truncate idtransform setlinewidth pop
newpath -210.64 98.76 moveto
-216.46 106.89 lineto stroke
 1 0.85 0 setrgbcolor 0 3.98505 dtransform truncate idtransform setlinewidth pop
newpath -210.6 98.79 moveto 0 0 rlineto stroke
newpath -216.39 107 moveto 0 0 rlineto stroke
 0 0.84 dtransform truncate idtransform setlinewidth pop
newpath -210.64 98.76 moveto
-210.6 98.79 lineto
-216.39 107 lineto
-216.46 106.89 lineto stroke
showpage
%%EOF
