%!PS
%%BoundingBox: -105 -81 73 85 
%%HiResBoundingBox: -104.41188 -80.70166 72.89 84.21231 
%%Creator: MetaPost 2.11
%%CreationDate: 2025.10.14:2236
%%Pages: 1
%%BeginProlog
%%EndProlog
%%Page: 1 1
 0 0.42001 dtransform truncate idtransform setlinewidth pop [] 0 setdash
 1 setlinecap 1 setlinejoin 10 setmiterlimit
newpath -74.49 -22.31 moveto
-68.88 -25.71 19.66 -82.44 26.17 -80.44 curveto
32.67 -78.46 36.22 -73.16 41.52 -72.71 curveto
46.55 -72.29 56.51 -75.79 62.49 -77.64 curveto stroke
newpath 72.68 -64.81 moveto
68.96 -60.2 53.37 -49.35 47.08 -48.04 curveto
40.5 -46.67 19.23 -37.83 15.36 -41.26 curveto
6.72 -48.9 -37.49 -25.05 -36.12 -17.44 curveto stroke
newpath -36.12 -17.44 moveto
-35.31 -15.12 -34.68 -12.74 -33.68 -10.54 curveto
-32.9 -8.83 -27.8 -2.02 -28.48 0.53 curveto
-28.99 2.41 -31.32 3.45 -32.94 4.71 curveto
-37.06 7.94 -39.73 9.21 -44.63 10.84 curveto
-48.24 12.04 -52.99 11.86 -54.84 16.35 curveto
-55.65 18.31 -54.78 23.28 -54.74 25.41 curveto stroke
newpath -54.74 25.41 moveto
-52.15 31.46 lineto
-48.15 35.89 lineto
-43.08 38.79 lineto
-37.44 37.5 lineto
-33.43 32.81 lineto stroke
newpath -33.56 32.7 moveto
-27.16 26.71 -22 18.51 -12.68 16.53 curveto
-8.91 15.74 0.15 17.18 4.08 17.89 curveto
6.68 18.35 9.54 18.09 11.79 19.47 curveto
14.08 20.87 15.26 23.65 16.93 25.74 curveto
18.69 27.93 20.4 30.13 22.09 32.33 curveto
23.6 34.3 24.66 36.71 26.55 38.31 curveto
28.25 39.73 30.56 40.21 32.57 41.16 curveto stroke
newpath 32.57 41.16 moveto
40.16 48.64 40.25 48.47 47.37 56.5 curveto
49.65 59.08 51.8 61.79 54.09 64.35 curveto
57.14 67.75 67.03 75.01 61.95 81.97 curveto
60 84.64 55.41 84.15 52.19 83.45 curveto
48.8 82.71 46.15 79.98 43.31 77.9 curveto
40.35 75.73 37.44 73.41 34.87 70.77 curveto
27.9 63.61 22.19 53.23 16.1 45.65 curveto
13.84 42.83 12.59 37.73 8.92 37.52 curveto
3.63 37.21 0.67 52.86 -0.99 54.32 curveto
-7.77 60.28 -14.45 54.82 -20.85 53.48 curveto
-24.08 52.81 -28.21 50.34 -30.7 52.56 curveto
-33.66 55.2 -31.66 60.54 -33.1 64.23 curveto
-33.98 66.49 -35.99 68.15 -37.43 70.1 curveto stroke
newpath -37.43 70.1 moveto
-38.52 70.42 -39.57 70.9 -40.68 71.04 curveto
-43.96 71.46 -49.4 71.21 -52.71 71.22 curveto
-59.99 71.24 -58.3 71.34 -65.35 71.7 curveto
-68.45 71.85 -74.32 72.78 -77.11 70.15 curveto
-81.17 66.33 -78.17 62.77 -76.9 58.92 curveto
-76.29 57.08 -75.72 55.23 -75.25 53.36 curveto
-74.23 49.28 -72.77 43.6 -72.06 39.45 curveto stroke
newpath -72.06 39.45 moveto
-73.32 32.76 -76.15 26.32 -83.69 24.72 curveto
-85.9 24.25 -88.22 25.02 -90.49 24.87 curveto
-93.35 24.69 -101.46 23.77 -103.48 20.75 curveto
-104.7 18.95 -104.04 16.46 -103.88 14.32 curveto
-103.34 7.1 -99.26 3.31 -95.86 -2.61 curveto
-94.88 -4.32 -94.19 -6.18 -93.41 -7.99 curveto
-92.62 -9.84 -92.53 -12.11 -91.16 -13.6 curveto
-89.29 -15.62 -81.81 -17.85 -79.5 -19.05 curveto
-77.73 -19.96 -76.16 -21.21 -74.49 -22.31 curveto stroke
showpage
%%EOF
